0.000000000000000000e+00
0.000000000000000000e+00
0.000000000000000000e+00
0.000000000000000000e+00
0.000000000000000000e+00
0.000000000000000000e+00
0.000000000000000000e+00
0.000000000000000000e+00
0.000000000000000000e+00
0.000000000000000000e+00
0.000000000000000000e+00
0.000000000000000000e+00
0.000000000000000000e+00
0.000000000000000000e+00
0.000000000000000000e+00
0.000000000000000000e+00
0.000000000000000000e+00
0.000000000000000000e+00
0.000000000000000000e+00
0.000000000000000000e+00
0.000000000000000000e+00
0.000000000000000000e+00
0.000000000000000000e+00
0.000000000000000000e+00
0.000000000000000000e+00
0.000000000000000000e+00
0.000000000000000000e+00
0.000000000000000000e+00
0.000000000000000000e+00
0.000000000000000000e+00
0.000000000000000000e+00
0.000000000000000000e+00
0.000000000000000000e+00
0.000000000000000000e+00
0.000000000000000000e+00
0.000000000000000000e+00
0.000000000000000000e+00
0.000000000000000000e+00
0.000000000000000000e+00
0.000000000000000000e+00
0.000000000000000000e+00
0.000000000000000000e+00
0.000000000000000000e+00
0.000000000000000000e+00
0.000000000000000000e+00
0.000000000000000000e+00
0.000000000000000000e+00
0.000000000000000000e+00
0.000000000000000000e+00
0.000000000000000000e+00
0.000000000000000000e+00
0.000000000000000000e+00
0.000000000000000000e+00
0.000000000000000000e+00
0.000000000000000000e+00
0.000000000000000000e+00
0.000000000000000000e+00
0.000000000000000000e+00
0.000000000000000000e+00
0.000000000000000000e+00
0.000000000000000000e+00
0.000000000000000000e+00
0.000000000000000000e+00
8.509629697073251009e-05
1.267659384757280350e-02
2.588774077594280243e-02
3.868409618735313416e-02
5.281288549304008484e-02
5.982836335897445679e-02
7.346123456954956055e-02
8.785120397806167603e-02
1.014529988169670105e-01
1.089932024478912354e-01
1.237117722630500793e-01
1.379407942295074463e-01
1.454393565654754639e-01
1.678993701934814453e-01
1.752407103776931763e-01
1.904265582561492920e-01
2.057926654815673828e-01
2.218586355447769165e-01
2.287487834692001343e-01
2.442597150802612305e-01
2.608012855052947998e-01
2.675621211528778076e-01
2.919770777225494385e-01
2.991744875907897949e-01
3.157549202442169189e-01
3.315272629261016846e-01
3.478493392467498779e-01
3.554603755474090576e-01
3.711983263492584229e-01
3.876280188560485840e-01
3.957607448101043701e-01
4.206538200378417969e-01
4.273225963115692139e-01
4.453464448451995850e-01
4.603670537471771240e-01
4.667871892452239990e-01
4.923464953899383545e-01
4.997278153896331787e-01
5.161841511726379395e-01
5.313521623611450195e-01
5.471186637878417969e-01
5.548945069313049316e-01
5.697417855262756348e-01
5.853011608123779297e-01
5.928999185562133789e-01
6.179695129394531250e-01
6.226628422737121582e-01
6.406842470169067383e-01
6.547372341156005859e-01
6.596645116806030273e-01
6.768690943717956543e-01
6.904237270355224609e-01
7.055966854095458984e-01
7.093992829322814941e-01
7.354778647422790527e-01
7.396108508110046387e-01
7.535373568534851074e-01
7.658537626266479492e-01
7.722190022468566895e-01
7.856047153472900391e-01
7.972626090049743652e-01
8.136029243469238281e-01
8.167135119438171387e-01
8.372060060501098633e-01
8.428444266319274902e-01
8.532531857490539551e-01
8.650246262550354004e-01
8.702798485755920410e-01
8.896617889404296875e-01
8.909483551979064941e-01
9.023417830467224121e-01
9.140834808349609375e-01
9.148746132850646973e-01
9.254795908927917480e-01
9.332731366157531738e-01
9.457336664199829102e-01
9.464823603630065918e-01
9.621180295944213867e-01
9.656808972358703613e-01
9.737740159034729004e-01
9.795877337455749512e-01
9.826816916465759277e-01
9.898521304130554199e-01
9.947049617767333984e-01
1.005070805549621582e+00
1.003534674644470215e+00
1.007406353950500488e+00
1.013513207435607910e+00
1.021861791610717773e+00
1.024538993835449219e+00
1.022747159004211426e+00
1.030770421028137207e+00
1.031745553016662598e+00
1.035625457763671875e+00
1.036436676979064941e+00
1.036378026008605957e+00
1.039212465286254883e+00
1.039012312889099121e+00
1.043600201606750488e+00
1.040188908576965332e+00
1.043679833412170410e+00
1.042443394660949707e+00
1.042916417121887207e+00
1.040410518646240234e+00
1.035425305366516113e+00
1.038049459457397461e+00
1.034512996673583984e+00
1.032334923744201660e+00
1.030559301376342773e+00
1.026004076004028320e+00
1.023460507392883301e+00
1.020469307899475098e+00
1.017050504684448242e+00
1.011301636695861816e+00
1.009566903114318848e+00
1.002767920494079590e+00
9.978455901145935059e-01
9.907864332199096680e-01
9.859808683395385742e-01
9.800196886062622070e-01
9.725751876831054688e-01
9.639895558357238770e-01
9.597710967063903809e-01
9.523720145225524902e-01
9.418317675590515137e-01
9.363245368003845215e-01
9.250314831733703613e-01
9.173897504806518555e-01
9.108133316040039062e-01
8.994291424751281738e-01
8.887412548065185547e-01
8.806779980659484863e-01
8.709648251533508301e-01
8.593763709068298340e-01
8.510647416114807129e-01
8.350606560707092285e-01
8.280375599861145020e-01
8.159843683242797852e-01
8.022019863128662109e-01
7.908310294151306152e-01
7.819987535476684570e-01
7.675892710685729980e-01
7.560769319534301758e-01
7.463361024856567383e-01
7.262809872627258301e-01
7.189908623695373535e-01
7.037182450294494629e-01
6.880050897598266602e-01
6.788417100906372070e-01
6.645719408988952637e-01
6.484186649322509766e-01
6.328160762786865234e-01
6.242059469223022461e-01
6.008744835853576660e-01
5.915564298629760742e-01
5.764594674110412598e-01
5.586510300636291504e-01
5.493670105934143066e-01
5.238704085350036621e-01
5.156278014183044434e-01
4.984853267669677734e-01
4.810804128646850586e-01
4.719767570495605469e-01
4.545246064662933350e-01
4.370188117027282715e-01
4.185647964477539062e-01
4.101817011833190918e-01
3.836902081966400146e-01
3.740065991878509521e-01
3.564738035202026367e-01
3.388542532920837402e-01
3.293913602828979492e-01
3.115935623645782471e-01
2.941065728664398193e-01
2.760016024112701416e-01
2.669121325016021729e-01
2.397251278162002563e-01
2.315763235092163086e-01
2.127169221639633179e-01
1.954879760742187500e-01
1.876827478408813477e-01
1.689733415842056274e-01
1.523401886224746704e-01
1.341348290443420410e-01
1.260197460651397705e-01
1.098281517624855042e-01
9.172844141721725464e-02
7.502860575914382935e-02
5.778896808624267578e-02
5.044092983007431030e-02
2.368969656527042389e-02
1.748715527355670929e-02
0.000000000000000000e+00
0.000000000000000000e+00
0.000000000000000000e+00
0.000000000000000000e+00
0.000000000000000000e+00
0.000000000000000000e+00
0.000000000000000000e+00
0.000000000000000000e+00
0.000000000000000000e+00
0.000000000000000000e+00
0.000000000000000000e+00
0.000000000000000000e+00
0.000000000000000000e+00
0.000000000000000000e+00
0.000000000000000000e+00
0.000000000000000000e+00
0.000000000000000000e+00
0.000000000000000000e+00
0.000000000000000000e+00
0.000000000000000000e+00
0.000000000000000000e+00
0.000000000000000000e+00
0.000000000000000000e+00
0.000000000000000000e+00
0.000000000000000000e+00
0.000000000000000000e+00
0.000000000000000000e+00
0.000000000000000000e+00
0.000000000000000000e+00
0.000000000000000000e+00
0.000000000000000000e+00
0.000000000000000000e+00
0.000000000000000000e+00
0.000000000000000000e+00
0.000000000000000000e+00
0.000000000000000000e+00
0.000000000000000000e+00
0.000000000000000000e+00
0.000000000000000000e+00
0.000000000000000000e+00
0.000000000000000000e+00
0.000000000000000000e+00
0.000000000000000000e+00
0.000000000000000000e+00
0.000000000000000000e+00
0.000000000000000000e+00
0.000000000000000000e+00
0.000000000000000000e+00
0.000000000000000000e+00
0.000000000000000000e+00
0.000000000000000000e+00
0.000000000000000000e+00
0.000000000000000000e+00
0.000000000000000000e+00
0.000000000000000000e+00
0.000000000000000000e+00
0.000000000000000000e+00
0.000000000000000000e+00
0.000000000000000000e+00
0.000000000000000000e+00
0.000000000000000000e+00
0.000000000000000000e+00
0.000000000000000000e+00
0.000000000000000000e+00
0.000000000000000000e+00
0.000000000000000000e+00
0.000000000000000000e+00
0.000000000000000000e+00
0.000000000000000000e+00
0.000000000000000000e+00
0.000000000000000000e+00
0.000000000000000000e+00
0.000000000000000000e+00
0.000000000000000000e+00
0.000000000000000000e+00
0.000000000000000000e+00
0.000000000000000000e+00
0.000000000000000000e+00
0.000000000000000000e+00
0.000000000000000000e+00
0.000000000000000000e+00
0.000000000000000000e+00
0.000000000000000000e+00
0.000000000000000000e+00
0.000000000000000000e+00
0.000000000000000000e+00
0.000000000000000000e+00
9.935426525771617889e-03
3.386503085494041443e-02
4.527321830391883850e-02
6.357658654451370239e-02
8.529210835695266724e-02
9.716012328863143921e-02
1.164404377341270447e-01
1.399098485708236694e-01
1.561666429042816162e-01
1.715197265148162842e-01
2.010955363512039185e-01
2.158019691705703735e-01
2.342849671840667725e-01
2.595062255859375000e-01
2.744575440883636475e-01
2.938222587108612061e-01
3.196872174739837646e-01
3.414363265037536621e-01
3.550200462341308594e-01
3.814486265182495117e-01
4.047305583953857422e-01
4.176841974258422852e-01
4.520741105079650879e-01
4.684493839740753174e-01
4.916546940803527832e-01
5.168508887290954590e-01
5.413734912872314453e-01
5.569411516189575195e-01
5.846589207649230957e-01
6.074965000152587891e-01
6.230396032333374023e-01
6.597771644592285156e-01
6.742665171623229980e-01
7.014873623847961426e-01
7.269374132156372070e-01
7.507572770118713379e-01
7.781496644020080566e-01
7.943496108055114746e-01
8.184619545936584473e-01
8.466804623603820801e-01
8.715984821319580078e-01
8.875297307968139648e-01
9.141812324523925781e-01
9.390784502029418945e-01
9.547345638275146484e-01
9.926878809928894043e-01
1.006100177764892578e+00
1.031739711761474609e+00
1.059215664863586426e+00
1.082864522933959961e+00
1.097847580909729004e+00
1.124881863594055176e+00
1.149291157722473145e+00
1.162961602210998535e+00
1.200062632560729980e+00
1.213666558265686035e+00
1.237488150596618652e+00
1.263383150100708008e+00
1.277059197425842285e+00
1.299972653388977051e+00
1.325146079063415527e+00
1.348892331123352051e+00
1.361654400825500488e+00
1.395725727081298828e+00
1.408232212066650391e+00
1.431032180786132812e+00
1.453659057617187500e+00
1.465518355369567871e+00
1.498646259307861328e+00
1.509380578994750977e+00
1.530861854553222656e+00
1.552496314048767090e+00
1.572863936424255371e+00
1.583276152610778809e+00
1.603795051574707031e+00
1.622732162475585938e+00
1.633031368255615234e+00
1.662121534347534180e+00
1.670272469520568848e+00
1.689548254013061523e+00
1.707516908645629883e+00
1.715725898742675781e+00
1.733178615570068359e+00
1.749822258949279785e+00
1.766212701797485352e+00
1.773628711700439453e+00
1.797629475593566895e+00
1.804050445556640625e+00
1.817863345146179199e+00
1.832937121391296387e+00
1.838462352752685547e+00
1.850970983505249023e+00
1.863078594207763672e+00
1.877081513404846191e+00
1.887182712554931641e+00
1.891064047813415527e+00
1.903834104537963867e+00
1.912375330924987793e+00
1.922220587730407715e+00
1.926812529563903809e+00
1.941123723983764648e+00
1.942151665687561035e+00
1.952117204666137695e+00
1.958100199699401855e+00
1.958173155784606934e+00
1.964501976966857910e+00
1.971114039421081543e+00
1.975418329238891602e+00
1.975039243698120117e+00
1.982385277748107910e+00
1.982890248298645020e+00
1.985925555229187012e+00
1.986641645431518555e+00
1.987169981002807617e+00
1.987793087959289551e+00
1.986837148666381836e+00
1.989804863929748535e+00
1.985595107078552246e+00
1.982972860336303711e+00
1.981653451919555664e+00
1.979341983795166016e+00
1.977203726768493652e+00
1.972190499305725098e+00
1.970811605453491211e+00
1.964637994766235352e+00
1.959961414337158203e+00
1.951650500297546387e+00
1.948097586631774902e+00
1.941892027854919434e+00
1.931989789009094238e+00
1.927708387374877930e+00
1.919932842254638672e+00
1.909316897392272949e+00
1.902764797210693359e+00
1.893315434455871582e+00
1.880920290946960449e+00
1.870845913887023926e+00
1.863184809684753418e+00
1.849318146705627441e+00
1.836466789245605469e+00
1.829454779624938965e+00
1.814168930053710938e+00
1.799954056739807129e+00
1.792250156402587891e+00
1.772449374198913574e+00
1.760905385017395020e+00
1.748183012008666992e+00
1.729990482330322266e+00
1.713787794113159180e+00
1.700525045394897461e+00
1.684425234794616699e+00
1.667025446891784668e+00
1.653182029724121094e+00
1.627539992332458496e+00
1.617389678955078125e+00
1.597596883773803711e+00
1.575735330581665039e+00
1.565064191818237305e+00
1.535714745521545410e+00
1.521393418312072754e+00
1.503849744796752930e+00
1.479443550109863281e+00
1.457912683486938477e+00
1.446226477622985840e+00
1.421805381774902344e+00
1.398620843887329102e+00
1.383404731750488281e+00
1.353725314140319824e+00
1.337450027465820312e+00
1.314028263092041016e+00
1.288083672523498535e+00
1.274628400802612305e+00
1.250568628311157227e+00
1.224093556404113770e+00
1.201725602149963379e+00
1.185782551765441895e+00
1.149919629096984863e+00
1.136746764183044434e+00
1.110749721527099609e+00
1.083385467529296875e+00
1.070069313049316406e+00
1.043727993965148926e+00
1.016152501106262207e+00
9.903892874717712402e-01
9.761559963226318359e-01
9.385672807693481445e-01
9.225363135337829590e-01
8.940485119819641113e-01
8.704783320426940918e-01
8.545910716056823730e-01
8.159148693084716797e-01
8.024938702583312988e-01
7.764401435852050781e-01
7.489535808563232422e-01
7.348715066909790039e-01
7.089541554450988770e-01
6.817774772644042969e-01
6.572976112365722656e-01
6.421860456466674805e-01
6.048052310943603516e-01
5.892215371131896973e-01
5.657529234886169434e-01
5.395044684410095215e-01
5.243591070175170898e-01
5.011830925941467285e-01
4.755710363388061523e-01
4.510712921619415283e-01
4.381271600723266602e-01
4.132513999938964844e-01
3.893684744834899902e-01
3.663315773010253906e-01
3.423362970352172852e-01
3.296133279800415039e-01
3.059644699096679688e-01
2.841056585311889648e-01
2.617991864681243896e-01
2.492280304431915283e-01
2.272918671369552612e-01
2.068282961845397949e-01
1.849500983953475952e-01
1.643169820308685303e-01
1.545195281505584717e-01
1.241897195577621460e-01
1.142557188868522644e-01
9.560425579547882080e-02
7.705482095479965210e-02
6.722374260425567627e-02
4.954880103468894958e-02
3.236400336027145386e-02
1.452623587101697922e-02
6.624259985983371735e-03
0.000000000000000000e+00
0.000000000000000000e+00
0.000000000000000000e+00
0.000000000000000000e+00
0.000000000000000000e+00
0.000000000000000000e+00
0.000000000000000000e+00
0.000000000000000000e+00
0.000000000000000000e+00
0.000000000000000000e+00
0.000000000000000000e+00
0.000000000000000000e+00
0.000000000000000000e+00
0.000000000000000000e+00
0.000000000000000000e+00
0.000000000000000000e+00
0.000000000000000000e+00
0.000000000000000000e+00
0.000000000000000000e+00
0.000000000000000000e+00
0.000000000000000000e+00
0.000000000000000000e+00
0.000000000000000000e+00
0.000000000000000000e+00
0.000000000000000000e+00
0.000000000000000000e+00
0.000000000000000000e+00
0.000000000000000000e+00
0.000000000000000000e+00
0.000000000000000000e+00
0.000000000000000000e+00
0.000000000000000000e+00
0.000000000000000000e+00
0.000000000000000000e+00
0.000000000000000000e+00
0.000000000000000000e+00
0.000000000000000000e+00
0.000000000000000000e+00
0.000000000000000000e+00
0.000000000000000000e+00
0.000000000000000000e+00
0.000000000000000000e+00
0.000000000000000000e+00
0.000000000000000000e+00
0.000000000000000000e+00
0.000000000000000000e+00
0.000000000000000000e+00
0.000000000000000000e+00
0.000000000000000000e+00
0.000000000000000000e+00
0.000000000000000000e+00
0.000000000000000000e+00
0.000000000000000000e+00
0.000000000000000000e+00
0.000000000000000000e+00
0.000000000000000000e+00
1.256902003660798073e-03
1.121617667376995087e-02
3.440504893660545349e-02
4.727589339017868042e-02
6.474192440509796143e-02
8.338835090398788452e-02
9.711374342441558838e-02
1.160197108983993530e-01
1.391384303569793701e-01
1.554600000381469727e-01
1.709012687206268311e-01
2.007400989532470703e-01
2.130294293165206909e-01
2.348528206348419189e-01
2.609475851058959961e-01
2.744861245155334473e-01
2.969518899917602539e-01
3.242955207824707031e-01
3.450421690940856934e-01
3.620738983154296875e-01
3.905792832374572754e-01
4.156666696071624756e-01
4.300075769424438477e-01
4.670634269714355469e-01
4.856846034526824951e-01
5.233166217803955078e-01
5.390118956565856934e-01
5.662121772766113281e-01
5.970711708068847656e-01
6.131896376609802246e-01
6.412142515182495117e-01
6.728614568710327148e-01
6.981649994850158691e-01
7.181061506271362305e-01
7.509890198707580566e-01
7.764071226119995117e-01
8.059249520301818848e-01
8.395006656646728516e-01
8.593628406524658203e-01
8.861235380172729492e-01
9.201426506042480469e-01
9.499861598014831543e-01
9.673902988433837891e-01
1.001740217208862305e+00
1.032456874847412109e+00
1.049452424049377441e+00
1.094222664833068848e+00
1.114965915679931641e+00
1.142341732978820801e+00
1.177071332931518555e+00
1.208198547363281250e+00
1.228363037109375000e+00
1.260004997253417969e+00
1.291134476661682129e+00
1.325224280357360840e+00
1.356285810470581055e+00
1.373767614364624023e+00
1.407625675201416016e+00
1.438497662544250488e+00
1.455817103385925293e+00
1.499969244003295898e+00
1.519904255867004395e+00
1.547630548477172852e+00
1.581150531768798828e+00
1.610813021659851074e+00
1.627621531486511230e+00
1.660544276237487793e+00
1.689691901206970215e+00
1.708657860755920410e+00
1.748772263526916504e+00
1.766904592514038086e+00
1.795658230781555176e+00
1.826929092407226562e+00
1.852351903915405273e+00
1.870177745819091797e+00
1.900506496429443359e+00
1.925691604614257812e+00
1.942411661148071289e+00
1.981451392173767090e+00
1.996089339256286621e+00
2.021704912185668945e+00
2.049728631973266602e+00
2.063768863677978516e+00
2.088332176208496094e+00
2.115102291107177734e+00
2.139209985733032227e+00
2.162875175476074219e+00
2.186085700988769531e+00
2.200242757797241211e+00
2.224117040634155273e+00
2.244599580764770508e+00
2.257853031158447266e+00
2.288254022598266602e+00
2.299536705017089844e+00
2.319595575332641602e+00
2.340645790100097656e+00
2.350708484649658203e+00
2.369317770004272461e+00
2.388711214065551758e+00
2.404840230941772461e+00
2.415033817291259766e+00
2.439199924468994141e+00
2.448160886764526367e+00
2.462766885757446289e+00
2.478440999984741211e+00
2.486320972442626953e+00
2.499470233917236328e+00
2.513299226760864258e+00
2.525640249252319336e+00
2.531718015670776367e+00
2.548381567001342773e+00
2.554278373718261719e+00
2.563869953155517578e+00
2.573537826538085938e+00
2.578273773193359375e+00
2.590009450912475586e+00
2.593819141387939453e+00
2.600819826126098633e+00
2.606680870056152344e+00
2.609304904937744141e+00
2.614673376083374023e+00
2.618529796600341797e+00
2.622099161148071289e+00
2.623678207397460938e+00
2.627141952514648438e+00
2.627245187759399414e+00
2.629042148590087891e+00
2.628929138183593750e+00
2.627501726150512695e+00
2.626681089401245117e+00
2.625483512878417969e+00
2.622933626174926758e+00
2.620205402374267578e+00
2.615961074829101562e+00
2.612778902053833008e+00
2.608020067214965820e+00
2.601510286331176758e+00
2.597791194915771484e+00
2.591216802597045898e+00
2.582726716995239258e+00
2.576311826705932617e+00
2.569659471511840820e+00
2.559220075607299805e+00
2.551195621490478516e+00
2.543426036834716797e+00
2.527922153472900391e+00
2.519573450088500977e+00
2.503772497177124023e+00
2.494622468948364258e+00
2.481185674667358398e+00
2.465009212493896484e+00
2.456916093826293945e+00
2.441841363906860352e+00
2.423907756805419922e+00
2.409862756729125977e+00
2.398279190063476562e+00
2.378651857376098633e+00
2.363198518753051758e+00
2.350654363632202148e+00
2.323575973510742188e+00
2.312597513198852539e+00
2.292743682861328125e+00
2.269975900650024414e+00
2.248780727386474609e+00
2.237006425857543945e+00
2.212771415710449219e+00
2.190264463424682617e+00
2.177781820297241211e+00
2.144501447677612305e+00
2.128649473190307617e+00
2.107349395751953125e+00
2.080270528793334961e+00
2.063701391220092773e+00
2.041372299194335938e+00
2.013110399246215820e+00
1.987217068672180176e+00
1.969552040100097656e+00
1.934302091598510742e+00
1.916403651237487793e+00
1.886077046394348145e+00
1.858526349067687988e+00
1.843243122100830078e+00
1.802494287490844727e+00
1.783691525459289551e+00
1.758291125297546387e+00
1.726198077201843262e+00
1.697073578834533691e+00
1.680972337722778320e+00
1.648401856422424316e+00
1.618537425994873047e+00
1.602143526077270508e+00
1.558756351470947266e+00
1.538712620735168457e+00
1.508406639099121094e+00
1.478121399879455566e+00
1.457881569862365723e+00
1.427262306213378906e+00
1.393378019332885742e+00
1.365760087966918945e+00
1.345507621765136719e+00
1.300838351249694824e+00
1.283859729766845703e+00
1.252794146537780762e+00
1.218692898750305176e+00
1.201714038848876953e+00
1.170688629150390625e+00
1.136677861213684082e+00
1.109149694442749023e+00
1.075161814689636230e+00
1.055083394050598145e+00
1.024518370628356934e+00
9.940677881240844727e-01
9.637475013732910156e-01
9.439715743064880371e-01
9.004040360450744629e-01
8.840009570121765137e-01
8.542884588241577148e-01
8.216828703880310059e-01
8.055714368820190430e-01
7.764263153076171875e-01
7.445831298828125000e-01
7.188788056373596191e-01
7.002621293067932129e-01
6.595526933670043945e-01
6.441737413406372070e-01
6.165884733200073242e-01
5.865406394004821777e-01
5.688111186027526855e-01
5.449352860450744629e-01
5.158990025520324707e-01
4.899110794067382812e-01
4.757997393608093262e-01
4.478769898414611816e-01
4.229992926120758057e-01
4.094256460666656494e-01
3.745296299457550049e-01
3.589782416820526123e-01
3.356607854366302490e-01
3.128888309001922607e-01
2.905596196651458740e-01
2.664070725440979004e-01
2.523132860660552979e-01
2.335724383592605591e-01
2.109004259109497070e-01
1.909879893064498901e-01
1.802017092704772949e-01
1.590893119573593140e-01
1.406235694885253906e-01
1.246684640645980835e-01
1.054075285792350769e-01
9.420189261436462402e-02
7.963072508573532104e-02
6.207558140158653259e-02
4.692712798714637756e-02
3.711713850498199463e-02
2.295783348381519318e-02
9.450777433812618256e-03
6.991112604737281799e-04
0.000000000000000000e+00
0.000000000000000000e+00
0.000000000000000000e+00
0.000000000000000000e+00
0.000000000000000000e+00
0.000000000000000000e+00
0.000000000000000000e+00
0.000000000000000000e+00
0.000000000000000000e+00
0.000000000000000000e+00
0.000000000000000000e+00
0.000000000000000000e+00
0.000000000000000000e+00
0.000000000000000000e+00
0.000000000000000000e+00
0.000000000000000000e+00
0.000000000000000000e+00
0.000000000000000000e+00
0.000000000000000000e+00
0.000000000000000000e+00
0.000000000000000000e+00
0.000000000000000000e+00
0.000000000000000000e+00
0.000000000000000000e+00
0.000000000000000000e+00
0.000000000000000000e+00
0.000000000000000000e+00
0.000000000000000000e+00
0.000000000000000000e+00
0.000000000000000000e+00
0.000000000000000000e+00
0.000000000000000000e+00
0.000000000000000000e+00
0.000000000000000000e+00
0.000000000000000000e+00
0.000000000000000000e+00
0.000000000000000000e+00
0.000000000000000000e+00
0.000000000000000000e+00
0.000000000000000000e+00
0.000000000000000000e+00
1.588476076722145081e-02
2.433831058442592621e-02
3.990790247917175293e-02
5.368977785110473633e-02
6.319227069616317749e-02
8.680301159620285034e-02
9.711126983165740967e-02
1.128068342804908752e-01
1.320224702358245850e-01
1.433160603046417236e-01
1.603250801563262939e-01
1.811522096395492554e-01
2.008710950613021851e-01
2.116504013538360596e-01
2.416859120130538940e-01
2.550847232341766357e-01
2.746991813182830811e-01
2.985074520111083984e-01
3.127629756927490234e-01
3.355686962604522705e-01
3.586352169513702393e-01
3.825109302997589111e-01
3.976648747920989990e-01
4.241432249546051025e-01
4.468312263488769531e-01
4.720036685466766357e-01
4.997680783271789551e-01
5.137175321578979492e-01
5.400655865669250488e-01
5.688778758049011230e-01
5.931396484375000000e-01
6.105628013610839844e-01
6.403194665908813477e-01
6.652680039405822754e-01
6.958715915679931641e-01
7.240399122238159180e-01
7.421745657920837402e-01
7.810854911804199219e-01
7.995335459709167480e-01
8.285235166549682617e-01
8.606284856796264648e-01
8.765285611152648926e-01
9.059940576553344727e-01
9.386157393455505371e-01
9.653465151786804199e-01
9.845831990242004395e-01
1.017349123954772949e+00
1.044550895690917969e+00
1.064009070396423340e+00
1.107691764831542969e+00
1.124375581741333008e+00
1.154613733291625977e+00
1.187794685363769531e+00
1.218335032463073730e+00
1.234800815582275391e+00
1.268004417419433594e+00
1.298493981361389160e+00
1.314926266670227051e+00
1.358431816101074219e+00
1.378073453903198242e+00
1.405010581016540527e+00
1.437834978103637695e+00
1.467525243759155273e+00
1.483971118927001953e+00
1.516448020935058594e+00
1.545740485191345215e+00
1.578163623809814453e+00
1.603745102882385254e+00
1.622778534889221191e+00
1.654654979705810547e+00
1.682969927787780762e+00
1.698364377021789551e+00
1.738808512687683105e+00
1.757208824157714844e+00
1.781253695487976074e+00
1.811559200286865234e+00
1.838253617286682129e+00
1.852767705917358398e+00
1.881842613220214844e+00
1.907980561256408691e+00
