0.000000000000000000e+00
0.000000000000000000e+00
0.000000000000000000e+00
0.000000000000000000e+00
0.000000000000000000e+00
0.000000000000000000e+00
0.000000000000000000e+00
0.000000000000000000e+00
0.000000000000000000e+00
0.000000000000000000e+00
0.000000000000000000e+00
0.000000000000000000e+00
0.000000000000000000e+00
0.000000000000000000e+00
0.000000000000000000e+00
0.000000000000000000e+00
0.000000000000000000e+00
0.000000000000000000e+00
0.000000000000000000e+00
0.000000000000000000e+00
0.000000000000000000e+00
0.000000000000000000e+00
0.000000000000000000e+00
0.000000000000000000e+00
0.000000000000000000e+00
0.000000000000000000e+00
0.000000000000000000e+00
0.000000000000000000e+00
0.000000000000000000e+00
0.000000000000000000e+00
0.000000000000000000e+00
0.000000000000000000e+00
0.000000000000000000e+00
0.000000000000000000e+00
0.000000000000000000e+00
0.000000000000000000e+00
0.000000000000000000e+00
0.000000000000000000e+00
0.000000000000000000e+00
0.000000000000000000e+00
0.000000000000000000e+00
0.000000000000000000e+00
0.000000000000000000e+00
0.000000000000000000e+00
0.000000000000000000e+00
0.000000000000000000e+00
0.000000000000000000e+00
0.000000000000000000e+00
0.000000000000000000e+00
1.314511988312005997e-02
9.927138686180114746e-02
1.877648383378982544e-01
2.539407908916473389e-01
3.429087102413177490e-01
4.337136745452880859e-01
5.012387633323669434e-01
5.713281631469726562e-01
6.617023348808288574e-01
7.294494509696960449e-01
8.207927942276000977e-01
9.104915261268615723e-01
9.995572566986083984e-01
1.067065596580505371e+00
1.154544472694396973e+00
1.221910476684570312e+00
1.286013722419738770e+00
1.370177268981933594e+00
1.453956604003906250e+00
1.514625430107116699e+00
1.593760490417480469e+00
1.672030329704284668e+00
1.728229880332946777e+00
1.785677790641784668e+00
1.856490850448608398e+00
1.907804012298583984e+00
1.975043892860412598e+00
2.037939071655273438e+00
2.097684144973754883e+00
2.141707181930541992e+00
2.183843851089477539e+00
2.236546516418457031e+00
2.272707700729370117e+00
2.317720413208007812e+00
2.360382080078125000e+00
2.388826370239257812e+00
2.423341751098632812e+00
2.449458360671997070e+00
2.470504283905029297e+00
2.496446132659912109e+00
2.516875028610229492e+00
2.529488801956176758e+00
2.544118642807006836e+00
2.553143262863159180e+00
2.558627605438232422e+00
2.560352087020874023e+00
2.560378789901733398e+00
2.556307315826416016e+00
2.549443960189819336e+00
2.536710739135742188e+00
2.521416902542114258e+00
2.506205558776855469e+00
2.482471466064453125e+00
2.465134620666503906e+00
2.442643642425537109e+00
2.410895347595214844e+00
2.373974323272705078e+00
2.333496809005737305e+00
2.302404642105102539e+00
2.255982637405395508e+00
2.220582962036132812e+00
2.183431863784790039e+00
2.129201412200927734e+00
2.073650598526000977e+00
2.029023647308349609e+00
1.967250347137451172e+00
1.904605031013488770e+00
1.854942202568054199e+00
1.805653810501098633e+00
1.737672686576843262e+00
1.684290766716003418e+00
1.613245844841003418e+00
1.539112448692321777e+00
1.463674664497375488e+00
1.407965660095214844e+00
1.351724863052368164e+00
1.273901343345642090e+00
1.216744542121887207e+00
1.138000965118408203e+00
1.060638427734375000e+00
1.001360774040222168e+00
9.224381446838378906e-01
8.667206168174743652e-01
7.868563532829284668e-01
7.319102287292480469e-01
6.550089120864868164e-01
5.979977250099182129e-01
5.246842503547668457e-01
4.510935842990875244e-01
3.790709674358367920e-01
3.278619349002838135e-01
2.777251005172729492e-01
2.104471623897552490e-01
1.631039828062057495e-01
9.981166571378707886e-02
4.070871323347091675e-02
0.000000000000000000e+00
0.000000000000000000e+00
0.000000000000000000e+00
0.000000000000000000e+00
0.000000000000000000e+00
0.000000000000000000e+00
0.000000000000000000e+00
0.000000000000000000e+00
0.000000000000000000e+00
0.000000000000000000e+00
0.000000000000000000e+00
0.000000000000000000e+00
0.000000000000000000e+00
0.000000000000000000e+00
0.000000000000000000e+00
0.000000000000000000e+00
0.000000000000000000e+00
0.000000000000000000e+00
0.000000000000000000e+00
0.000000000000000000e+00
0.000000000000000000e+00
0.000000000000000000e+00
0.000000000000000000e+00
0.000000000000000000e+00
0.000000000000000000e+00
0.000000000000000000e+00
0.000000000000000000e+00
0.000000000000000000e+00
0.000000000000000000e+00
0.000000000000000000e+00
0.000000000000000000e+00
0.000000000000000000e+00
0.000000000000000000e+00
0.000000000000000000e+00
0.000000000000000000e+00
3.199524059891700745e-02
9.569688886404037476e-02
1.608111709356307983e-01
2.289347350597381592e-01
2.836516499519348145e-01
3.399136960506439209e-01
4.148996174335479736e-01
4.745026528835296631e-01
5.536874532699584961e-01
6.350340843200683594e-01
6.990922689437866211e-01
7.837867736816406250e-01
8.518787622451782227e-01
9.173480868339538574e-01
1.005823254585266113e+00
1.097204923629760742e+00
1.187822699546813965e+00
1.258036017417907715e+00
1.349866747856140137e+00
1.420753717422485352e+00
1.491784334182739258e+00
1.584258079528808594e+00
1.676628947257995605e+00
1.747443437576293945e+00
1.839137196540832520e+00
1.931888461112976074e+00
1.999596595764160156e+00
2.088965415954589844e+00
2.158644676208496094e+00
2.224109172821044922e+00
2.310057163238525391e+00
2.396017074584960938e+00
2.478368043899536133e+00
2.540493249893188477e+00
2.619097948074340820e+00
2.678208112716674805e+00
2.735905170440673828e+00
2.808244466781616211e+00
2.877797365188598633e+00
2.929742574691772461e+00
2.994056224822998047e+00
3.056879758834838867e+00
3.100553750991821289e+00
3.144001007080078125e+00
3.198290824890136719e+00
3.235377073287963867e+00
3.281591892242431641e+00
3.325704813003540039e+00
3.364265918731689453e+00
3.392275810241699219e+00
3.418032407760620117e+00
3.446599721908569336e+00
3.467005491256713867e+00
3.488372325897216797e+00
3.505573749542236328e+00
3.517381906509399414e+00
3.527234554290771484e+00
3.535159587860107422e+00
3.535989284515380859e+00
3.536734104156494141e+00
3.533508300781250000e+00
3.524479150772094727e+00
3.514999151229858398e+00
3.500412702560424805e+00
3.480159997940063477e+00
3.463981866836547852e+00
3.445593833923339844e+00
3.415549039840698242e+00
3.392145395278930664e+00
3.355564594268798828e+00
3.315390110015869141e+00
3.284564256668090820e+00
3.238371372222900391e+00
3.204750537872314453e+00
3.166168212890625000e+00
3.112056016921997070e+00
3.056600809097290039e+00
2.996803760528564453e+00
2.950237512588500977e+00
2.887549161911010742e+00
2.839387416839599609e+00
2.789990186691284180e+00
2.720277547836303711e+00
2.648699522018432617e+00
2.595439434051513672e+00
2.521045207977294922e+00
2.445309400558471680e+00
2.389265537261962891e+00
2.332652568817138672e+00
2.255928277969360352e+00
2.177048921585083008e+00
2.117591619491577148e+00
2.039573907852172852e+00
1.959981203079223633e+00
1.901840329170227051e+00
1.843848705291748047e+00
1.764950394630432129e+00
1.707649469375610352e+00
1.629998564720153809e+00
1.553340673446655273e+00
1.498064756393432617e+00
1.423614501953125000e+00
1.350695729255676270e+00
1.298553824424743652e+00
1.247447729110717773e+00
1.180578470230102539e+00
1.114462971687316895e+00
1.066407442092895508e+00
1.005904912948608398e+00
9.466356039047241211e-01
9.053899049758911133e-01
8.657663464546203613e-01
8.137394189834594727e-01
7.781427502632141113e-01
7.317089438438415527e-01
6.886491179466247559e-01
6.599820852279663086e-01
6.230955123901367188e-01
5.991659164428710938e-01
5.773306488990783691e-01
5.497859716415405273e-01
5.274366140365600586e-01
5.077309608459472656e-01
4.955853521823883057e-01
4.842294454574584961e-01
4.787091314792633057e-01
4.754961729049682617e-01
4.731377661228179932e-01
4.749410152435302734e-01
4.802786111831665039e-01
4.893694519996643066e-01
5.026184320449829102e-01
5.164989233016967773e-01
5.369624495506286621e-01
5.562005639076232910e-01
5.849649310111999512e-01
6.082520484924316406e-01
6.439315080642700195e-01
6.822860240936279297e-01
7.135426402091979980e-01
7.596302628517150879e-01
7.968565821647644043e-01
8.360633850097656250e-01
8.898226022720336914e-01
9.469248056411743164e-01
9.929919838905334473e-01
1.055626392364501953e+00
1.121236324310302734e+00
1.173406124114990234e+00
1.227087497711181641e+00
1.299459338188171387e+00
1.375331878662109375e+00
1.432919263839721680e+00
1.512606263160705566e+00
1.593179821968078613e+00
1.654778599739074707e+00
1.719349980354309082e+00
1.803964257240295410e+00
1.869291186332702637e+00
1.956018924713134766e+00
2.043686151504516602e+00
2.110916852951049805e+00
2.199732780456542969e+00
2.267572879791259766e+00
2.335524559020996094e+00
2.424887895584106445e+00
2.515054941177368164e+00
2.603933811187744141e+00
2.670246124267578125e+00
2.758946895599365234e+00
2.825103521347045898e+00
2.910271644592285156e+00
2.975784063339233398e+00
3.059516906738281250e+00
3.122147798538208008e+00
3.202960729598999023e+00
3.281852006912231445e+00
3.340487718582153320e+00
3.415572166442871094e+00
3.471132516860961914e+00
3.542687892913818359e+00
3.593979835510253906e+00
3.660681724548339844e+00
3.723618268966674805e+00
3.768786191940307617e+00
3.826946258544921875e+00
3.868550300598144531e+00
3.907463073730468750e+00
3.956981420516967773e+00
4.002121448516845703e+00
4.034238338470458984e+00
4.072762012481689453e+00
4.107388973236083984e+00
4.131436824798583984e+00
4.153203487396240234e+00
4.177752971649169922e+00
4.198828697204589844e+00
4.211407661437988281e+00
4.225139141082763672e+00
4.234012603759765625e+00
4.237889766693115234e+00
4.240584850311279297e+00
4.238846778869628906e+00
4.234767913818359375e+00
4.226212978363037109e+00
4.212891578674316406e+00
4.200725078582763672e+00
4.180162906646728516e+00
4.155540466308593750e+00
4.135483741760253906e+00
4.112158775329589844e+00
4.077668190002441406e+00
4.039870262145996094e+00
4.008718013763427734e+00
3.964489459991455078e+00
3.916278839111328125e+00
3.877892494201660156e+00
3.838526964187622070e+00
3.782075643539428711e+00
3.738141775131225586e+00
3.676439285278320312e+00
3.611949205398559570e+00
3.562231063842773438e+00
3.493239402770996094e+00
3.440315723419189453e+00
3.367691278457641602e+00
3.311614513397216797e+00
3.235207319259643555e+00
3.157417535781860352e+00
3.097828388214111328e+00
3.017494201660156250e+00
2.956523418426513672e+00
2.894686698913574219e+00
2.811760425567626953e+00
2.727895975112915039e+00
2.664929866790771484e+00
2.580388545989990234e+00
2.495749235153198242e+00
2.432541370391845703e+00
2.369462728500366211e+00
2.285457611083984375e+00
2.202250957489013672e+00
2.140233755111694336e+00
2.058410882949829102e+00
1.977906465530395508e+00
1.918298125267028809e+00
1.840282440185546875e+00
1.782890200614929199e+00
1.726411938667297363e+00
1.652944803237915039e+00
1.581530928611755371e+00
1.529561519622802734e+00
1.462323665618896484e+00
1.397703766822814941e+00
1.351127266883850098e+00
1.306082725524902344e+00
1.248654961585998535e+00
1.194366216659545898e+00
1.155773878097534180e+00
1.107264757156372070e+00
1.062203168869018555e+00
1.030765295028686523e+00
1.001291155815124512e+00
9.653666019439697266e-01
9.409224987030029297e-01
9.116448163986206055e-01
8.863802552223205566e-01
8.699542284011840820e-01
8.517183065414428711e-01
8.405969142913818359e-01
8.293844461441040039e-01
8.237826824188232422e-01
8.199446201324462891e-01
8.200945258140563965e-01
8.230516910552978516e-01
8.306210637092590332e-01
8.386093974113464355e-01
8.535689115524291992e-01
8.668696880340576172e-01
8.886938691139221191e-01
9.076754450798034668e-01
9.361650347709655762e-01
9.687552452087402344e-01
9.954074621200561523e-01
1.034538745880126953e+00
1.065969109535217285e+00
1.111036419868469238e+00
1.147312879562377930e+00
1.198589324951171875e+00
1.252732872962951660e+00
1.295611143112182617e+00
1.355007052421569824e+00
1.401304125785827637e+00
1.449485540390014648e+00
1.515586256980895996e+00
1.584490060806274414e+00
1.637655138969421387e+00
1.709962129592895508e+00
1.784623384475708008e+00
1.841339468955993652e+00
1.898947238922119141e+00
1.977628231048583984e+00
2.057112216949462891e+00
2.117796659469604492e+00
2.199511766433715820e+00
2.281450748443603516e+00
2.343636274337768555e+00
2.404978990554809570e+00
2.488332271575927734e+00
2.550868272781372070e+00
2.633554458618164062e+00
2.716443538665771484e+00
2.778260707855224609e+00
2.859464645385742188e+00
2.919619560241699219e+00
2.999675512313842773e+00
3.058285951614379883e+00
3.136007308959960938e+00
3.211492538452148438e+00
3.267418861389160156e+00
3.340290546417236328e+00
3.410386085510253906e+00
3.461964845657348633e+00
3.510809421539306641e+00
3.575520515441894531e+00
3.622291088104248047e+00
3.681456089019775391e+00
3.738361835479736328e+00
3.792155742645263672e+00
3.829627513885498047e+00
3.865200042724609375e+00
3.910613298416137695e+00
3.941568613052368164e+00
3.980678319931030273e+00
4.015250205993652344e+00
4.039260387420654297e+00
4.067860126495361328e+00
4.085055351257324219e+00
4.101624488830566406e+00
4.119306087493896484e+00
4.133702754974365234e+00
4.141768932342529297e+00
4.147982120513916016e+00
4.150844097137451172e+00
4.149322509765625000e+00
4.145402908325195312e+00
4.137663364410400391e+00
4.125699996948242188e+00
4.113038539886474609e+00
4.093728065490722656e+00
4.069324493408203125e+00
4.049034118652343750e+00
4.018436908721923828e+00
3.990918397903442383e+00
3.963120222091674805e+00
3.921678304672241211e+00
3.877432584762573242e+00
3.841820716857910156e+00
3.790167093276977539e+00
3.736023664474487305e+00
3.692156553268432617e+00
3.646427392959594727e+00
3.584064483642578125e+00
3.517595529556274414e+00
3.466627359390258789e+00
3.396248817443847656e+00
3.322161674499511719e+00
3.265786409378051758e+00
3.206999301910400391e+00
3.127057552337646484e+00
3.066597461700439453e+00
2.983224153518676758e+00
2.899281501770019531e+00
2.813839912414550781e+00
2.747738361358642578e+00
2.680972576141357422e+00
2.592626810073852539e+00
2.524651288986206055e+00
2.435023784637451172e+00
2.343754529953002930e+00
2.276023387908935547e+00
2.185654640197753906e+00
2.115510940551757812e+00
2.047944784164428711e+00
1.958245992660522461e+00
1.867939472198486328e+00
1.801671862602233887e+00
1.712937474250793457e+00
1.626636624336242676e+00
1.561536788940429688e+00
1.477772712707519531e+00
1.414780855178833008e+00
1.334134459495544434e+00
1.273678183555603027e+00
1.196707010269165039e+00
1.120765089988708496e+00
1.066428661346435547e+00
9.962955713272094727e-01
9.428488016128540039e-01
8.936935663223266602e-01
8.307985067367553711e-01
7.696977257728576660e-01
7.270302176475524902e-01
6.717326641082763672e-01
6.212886571884155273e-01
5.844304561614990234e-01
5.496285557746887207e-01
5.083553791046142578e-01
4.709146022796630859e-01
4.439882338047027588e-01
4.134272933006286621e-01
3.854660391807556152e-01
3.682261407375335693e-01
3.518623709678649902e-01
3.341228663921356201e-01
3.246188163757324219e-01
3.155941367149353027e-01
3.092875182628631592e-01
3.086054027080535889e-01
3.093567788600921631e-01
3.124301135540008545e-01
3.220942020416259766e-01
3.305409252643585205e-01
3.473205864429473877e-01
3.680978417396545410e-01
3.847639858722686768e-01
4.123713970184326172e-01
4.422631561756134033e-01
4.682522118091583252e-01
4.947631359100341797e-01
5.337114334106445312e-01
5.663328170776367188e-01
6.112155914306640625e-01
6.608614921569824219e-01
7.136020064353942871e-01
7.535492777824401855e-01
7.950869202613830566e-01
8.549188375473022461e-01
8.999190330505371094e-01
9.641324281692504883e-01
1.030621170997619629e+00
1.080294013023376465e+00
1.150335431098937988e+00
1.200864434242248535e+00
1.255491733551025391e+00
1.329625010490417480e+00
1.403458833694458008e+00
1.480000138282775879e+00
1.536400675773620605e+00
1.614394426345825195e+00
1.671644449234008789e+00
1.729112744331359863e+00
1.808099031448364258e+00
1.887125968933105469e+00
1.944664478302001953e+00
2.023263931274414062e+00
2.101339578628540039e+00
2.157784461975097656e+00
2.213728427886962891e+00
2.287947177886962891e+00
2.344053268432617188e+00
2.417643785476684570e+00
2.488003730773925781e+00
2.558266162872314453e+00
2.608029603958129883e+00
2.674771070480346680e+00
2.721682548522949219e+00
2.767248630523681641e+00
2.828028678894042969e+00
2.886137723922729492e+00
2.926186561584472656e+00
2.979246139526367188e+00
3.029222249984741211e+00
3.062905311584472656e+00
3.094717741012573242e+00
3.134701728820800781e+00
3.163653373718261719e+00
3.199090480804443359e+00
3.229112863540649414e+00
3.257035493850708008e+00
3.273722887039184570e+00
3.288188934326171875e+00
3.306257009506225586e+00
3.315436840057373047e+00
3.326377153396606445e+00
3.333183288574218750e+00
3.333835601806640625e+00
3.333332777023315430e+00
3.326755046844482422e+00
3.321254968643188477e+00
3.310243606567382812e+00
3.293312788009643555e+00
3.273934602737426758e+00
3.256679773330688477e+00
3.228348016738891602e+00
3.203993558883666992e+00
3.170311927795410156e+00
3.140716314315795898e+00
3.100154876708984375e+00
3.065485954284667969e+00
3.018293142318725586e+00
2.967442274093627930e+00
2.925230741500854492e+00
2.868237972259521484e+00
2.819816827774047852e+00
2.773040533065795898e+00
2.707926273345947266e+00
2.638064861297607422e+00
2.567079544067382812e+00
2.512055158615112305e+00
2.434700012207031250e+00
2.374650955200195312e+00
2.313312053680419922e+00
2.231965780258178711e+00
2.148637294769287109e+00
2.083213806152343750e+00
1.996862649917602539e+00
1.909046649932861328e+00
1.840604543685913086e+00
1.771532535552978516e+00
1.679180622100830078e+00
1.610701441764831543e+00
1.518870711326599121e+00
1.424895763397216797e+00
1.332446932792663574e+00
1.263098835945129395e+00
1.190379738807678223e+00
1.098319172859191895e+00
1.027873754501342773e+00
9.368489980697631836e-01
8.466950058937072754e-01
7.780493497848510742e-01
6.899024248123168945e-01
6.229918599128723145e-01
5.374523401260375977e-01
4.727204442024230957e-01
3.886553645133972168e-01
3.083793222904205322e-01
2.496395409107208252e-01
1.717059612274169922e-01
9.803005307912826538e-02
4.454191774129867554e-02
0.000000000000000000e+00
0.000000000000000000e+00
0.000000000000000000e+00
0.000000000000000000e+00
0.000000000000000000e+00
0.000000000000000000e+00
0.000000000000000000e+00
0.000000000000000000e+00
0.000000000000000000e+00
0.000000000000000000e+00
0.000000000000000000e+00
0.000000000000000000e+00
0.000000000000000000e+00
0.000000000000000000e+00
0.000000000000000000e+00
0.000000000000000000e+00
0.000000000000000000e+00
0.000000000000000000e+00
0.000000000000000000e+00
0.000000000000000000e+00
0.000000000000000000e+00
0.000000000000000000e+00
0.000000000000000000e+00
0.000000000000000000e+00
0.000000000000000000e+00
0.000000000000000000e+00
0.000000000000000000e+00
0.000000000000000000e+00
0.000000000000000000e+00
0.000000000000000000e+00
0.000000000000000000e+00
0.000000000000000000e+00
0.000000000000000000e+00
0.000000000000000000e+00
0.000000000000000000e+00
0.000000000000000000e+00
0.000000000000000000e+00
0.000000000000000000e+00
0.000000000000000000e+00
0.000000000000000000e+00
0.000000000000000000e+00
0.000000000000000000e+00
4.619973152875900269e-02
1.149063780903816223e-01
1.677306443452835083e-01
2.184991687536239624e-01
2.917601466178894043e-01
3.461636006832122803e-01
4.219044148921966553e-01
4.987898766994476318e-01
5.555716753005981445e-01
6.339834928512573242e-01
6.916884183883666992e-01
7.496486306190490723e-01
8.291636705398559570e-01
9.087562561035156250e-01
9.867413043975830078e-01
1.046135902404785156e+00
1.123419523239135742e+00
1.180582761764526367e+00
1.238738894462585449e+00
1.313946008682250977e+00
1.389418363571166992e+00
1.443683981895446777e+00
1.516608834266662598e+00
1.587813138961791992e+00
1.638554930686950684e+00
1.706311464309692383e+00
1.754274368286132812e+00
1.800928115844726562e+00
1.862832427024841309e+00
1.922101974487304688e+00
1.977198839187622070e+00
2.017640590667724609e+00
2.067517757415771484e+00
2.102512836456298828e+00
2.137028455734252930e+00
2.178740024566650391e+00
2.218316078186035156e+00
2.244307279586791992e+00
2.277526855468750000e+00
2.306979656219482422e+00
2.325232982635498047e+00
2.341300725936889648e+00
2.361006498336791992e+00
2.375403642654418945e+00
2.384507894515991211e+00
2.391781568527221680e+00
2.396207332611083984e+00
2.396801710128784180e+00
2.392541885375976562e+00
2.386576652526855469e+00
2.379367828369140625e+00
2.364886760711669922e+00
2.347507476806640625e+00
2.330557584762573242e+00
2.306023359298706055e+00
2.283772468566894531e+00
2.252228975296020508e+00
2.224806070327758789e+00
2.186451435089111328e+00
2.143140077590942383e+00
2.109107255935668945e+00
2.059413671493530273e+00
2.007362842559814453e+00
1.966084599494934082e+00
1.920683979988098145e+00
1.860373616218566895e+00
1.813111186027526855e+00
1.746396899223327637e+00
1.677967071533203125e+00
1.623793840408325195e+00
1.550799012184143066e+00
1.493405699729919434e+00
1.415292143821716309e+00
1.356131196022033691e+00
1.275557637214660645e+00
1.192184090614318848e+00
1.129391431808471680e+00
1.043410897254943848e+00
9.778632521629333496e-01
9.127184748649597168e-01
8.240597248077392578e-01
7.356635928153991699e-01
6.690047979354858398e-01
5.788434743881225586e-01
4.894813597202301025e-01
4.215218126773834229e-01
3.536826074123382568e-01
2.648037075996398926e-01
1.755525320768356323e-01
1.097906380891799927e-01
2.291195653378963470e-02
0.000000000000000000e+00
0.000000000000000000e+00
0.000000000000000000e+00
0.000000000000000000e+00
0.000000000000000000e+00
0.000000000000000000e+00
0.000000000000000000e+00
0.000000000000000000e+00
0.000000000000000000e+00
0.000000000000000000e+00
0.000000000000000000e+00
0.000000000000000000e+00
0.000000000000000000e+00
0.000000000000000000e+00
0.000000000000000000e+00
0.000000000000000000e+00
0.000000000000000000e+00
0.000000000000000000e+00
0.000000000000000000e+00
0.000000000000000000e+00
0.000000000000000000e+00
0.000000000000000000e+00
0.000000000000000000e+00
0.000000000000000000e+00
0.000000000000000000e+00
0.000000000000000000e+00
0.000000000000000000e+00
0.000000000000000000e+00
0.000000000000000000e+00
0.000000000000000000e+00
0.000000000000000000e+00
0.000000000000000000e+00
0.000000000000000000e+00
0.000000000000000000e+00
0.000000000000000000e+00
0.000000000000000000e+00
0.000000000000000000e+00
0.000000000000000000e+00
0.000000000000000000e+00
0.000000000000000000e+00
0.000000000000000000e+00
0.000000000000000000e+00
0.000000000000000000e+00
0.000000000000000000e+00
0.000000000000000000e+00
0.000000000000000000e+00
0.000000000000000000e+00
0.000000000000000000e+00
0.000000000000000000e+00
0.000000000000000000e+00
0.000000000000000000e+00
0.000000000000000000e+00
0.000000000000000000e+00
0.000000000000000000e+00
0.000000000000000000e+00
0.000000000000000000e+00
0.000000000000000000e+00
0.000000000000000000e+00
0.000000000000000000e+00
0.000000000000000000e+00
0.000000000000000000e+00
1.555081084370613098e-02
7.815131545066833496e-02
1.408414244651794434e-01
2.249223440885543823e-01
2.883489429950714111e-01
3.727682232856750488e-01
4.573101997375488281e-01
5.205219388008117676e-01
6.041919589042663574e-01
6.664864420890808105e-01
7.490584254264831543e-01
8.101698756217956543e-01
8.908310532569885254e-01
9.699912071228027344e-01
1.028454899787902832e+00
1.104903578758239746e+00
1.160807371139526367e+00
1.233945131301879883e+00
1.287206411361694336e+00
1.356222033500671387e+00
1.406413793563842773e+00
1.470986366271972656e+00
1.532842636108398438e+00
1.577324032783508301e+00
1.633955001831054688e+00
1.674371242523193359e+00
1.725410342216491699e+00
1.761489272117614746e+00
1.806534290313720703e+00
1.848036766052246094e+00
1.876729369163513184e+00
1.911697268486022949e+00
1.935552954673767090e+00
1.957092642784118652e+00
1.982450962066650391e+00
2.003722906112670898e+00
2.017019033432006836e+00
2.031296253204345703e+00
2.041340112686157227e+00
2.046303749084472656e+00
2.048950672149658203e+00
2.048642873764038086e+00
2.044181346893310547e+00
2.038305997848510742e+00
2.026621580123901367e+00
2.011054992675781250e+00
1.996563792228698730e+00
1.980043649673461914e+00
1.954487204551696777e+00
1.932572484016418457e+00
1.900248408317565918e+00
1.863891482353210449e+00
1.834198713302612305e+00
1.791751742362976074e+00
1.745509505271911621e+00
1.708913087844848633e+00
1.670477390289306641e+00
1.616004586219787598e+00
1.558459639549255371e+00
1.513730287551879883e+00
1.451165080070495605e+00
1.386318683624267578e+00
1.335751414299011230e+00
1.284247398376464844e+00
1.213506817817687988e+00
1.158775329589843750e+00
1.084549903869628906e+00
1.008141279220581055e+00
9.497941136360168457e-01
8.712313771247863770e-01
8.116252422332763672e-01
7.305915355682373047e-01
6.697232127189636230e-01
5.872867107391357422e-01
5.043216347694396973e-01
4.424023330211639404e-01
3.590159118175506592e-01
2.975878119468688965e-01
2.351830452680587769e-01
1.522938907146453857e-01
7.053585350513458252e-02
9.272817522287368774e-03
0.000000000000000000e+00
0.000000000000000000e+00
0.000000000000000000e+00
0.000000000000000000e+00
0.000000000000000000e+00
0.000000000000000000e+00
0.000000000000000000e+00
0.000000000000000000e+00
0.000000000000000000e+00
0.000000000000000000e+00
0.000000000000000000e+00
0.000000000000000000e+00
0.000000000000000000e+00
0.000000000000000000e+00
0.000000000000000000e+00
0.000000000000000000e+00
0.000000000000000000e+00
0.000000000000000000e+00
0.000000000000000000e+00
0.000000000000000000e+00
0.000000000000000000e+00
0.000000000000000000e+00
0.000000000000000000e+00
0.000000000000000000e+00
0.000000000000000000e+00
0.000000000000000000e+00
0.000000000000000000e+00
0.000000000000000000e+00
0.000000000000000000e+00
0.000000000000000000e+00
0.000000000000000000e+00
0.000000000000000000e+00
0.000000000000000000e+00
0.000000000000000000e+00
0.000000000000000000e+00
0.000000000000000000e+00
0.000000000000000000e+00
0.000000000000000000e+00
0.000000000000000000e+00
0.000000000000000000e+00
0.000000000000000000e+00
0.000000000000000000e+00
0.000000000000000000e+00
0.000000000000000000e+00
0.000000000000000000e+00
0.000000000000000000e+00
0.000000000000000000e+00
0.000000000000000000e+00
0.000000000000000000e+00
0.000000000000000000e+00
0.000000000000000000e+00
0.000000000000000000e+00
0.000000000000000000e+00
0.000000000000000000e+00
0.000000000000000000e+00
0.000000000000000000e+00
0.000000000000000000e+00
0.000000000000000000e+00
0.000000000000000000e+00
5.604519695043563843e-02
1.209990531206130981e-01
2.086011916399002075e-01
2.983305454254150391e-01
3.664399385452270508e-01
4.349009394645690918e-01
5.249829292297363281e-01
6.153061985969543457e-01
6.842932701110839844e-01
7.745499610900878906e-01
8.644810318946838379e-01
9.328252077102661133e-01
1.000797986984252930e+00
1.090285539627075195e+00
1.155799984931945801e+00
1.242100954055786133e+00
1.328292369842529297e+00
1.411645054817199707e+00
1.474299311637878418e+00
1.535896539688110352e+00
1.614512443542480469e+00
1.673338055610656738e+00
1.747972249984741211e+00
1.820095062255859375e+00
1.873770594596862793e+00
1.941121101379394531e+00
2.005532741546630859e+00
2.053175926208496094e+00
2.099039793014526367e+00
2.156874418258666992e+00
2.197004795074462891e+00
2.247448682785034180e+00
2.295676708221435547e+00
2.338827848434448242e+00
2.370104789733886719e+00
2.399225711822509766e+00
2.432763338088989258e+00
2.456725358963012695e+00
2.483271360397338867e+00
2.505745887756347656e+00
2.521338462829589844e+00
2.536601543426513672e+00
2.546766042709350586e+00
2.554594755172729492e+00
2.559449911117553711e+00
2.561596393585205078e+00
2.559380769729614258e+00
2.552800893783569336e+00
2.543586969375610352e+00
2.534379482269287109e+00
2.522909402847290039e+00
2.502137422561645508e+00
2.477432250976562500e+00
2.457874774932861328e+00
2.426474332809448242e+00
2.391365528106689453e+00
2.364184141159057617e+00
2.322834491729736328e+00
2.291108846664428711e+00
2.257521867752075195e+00
2.207875967025756836e+00
2.156685829162597656e+00
2.100997209548950195e+00
2.057382345199584961e+00
1.998453021049499512e+00
1.952987790107727051e+00
1.906178832054138184e+00
1.839694499969482422e+00
1.771110177040100098e+00
1.719989061355590820e+00
1.648170232772827148e+00
1.574757814407348633e+00
1.520367622375488281e+00
1.465278625488281250e+00
1.388737320899963379e+00
1.332336783409118652e+00
1.254343032836914062e+00
1.177416443824768066e+00
1.098523855209350586e+00
1.039249062538146973e+00
9.832435846328735352e-01
9.043852090835571289e-01
8.471127748489379883e-01
7.690406441688537598e-01
6.916962862014770508e-01
6.359366774559020996e-01
5.603535771369934082e-01
5.061500668525695801e-01
4.527530670166015625e-01
3.807335793972015381e-01
3.121377527713775635e-01
2.607079744338989258e-01
1.939663290977478027e-01
1.311545372009277344e-01
8.605224639177322388e-02
2.424406073987483978e-02
0.000000000000000000e+00
0.000000000000000000e+00
0.000000000000000000e+00
0.000000000000000000e+00
0.000000000000000000e+00
0.000000000000000000e+00
0.000000000000000000e+00
0.000000000000000000e+00
0.000000000000000000e+00
0.000000000000000000e+00
0.000000000000000000e+00
0.000000000000000000e+00
0.000000000000000000e+00
0.000000000000000000e+00
0.000000000000000000e+00
0.000000000000000000e+00
0.000000000000000000e+00
0.000000000000000000e+00
0.000000000000000000e+00
0.000000000000000000e+00
0.000000000000000000e+00
0.000000000000000000e+00
0.000000000000000000e+00
0.000000000000000000e+00
0.000000000000000000e+00
0.000000000000000000e+00
0.000000000000000000e+00
0.000000000000000000e+00
0.000000000000000000e+00
0.000000000000000000e+00
0.000000000000000000e+00
0.000000000000000000e+00
0.000000000000000000e+00
0.000000000000000000e+00
2.236037747934460640e-03
6.257519870996475220e-02
1.116855293512344360e-01
1.775655895471572876e-01
2.306725978851318359e-01
3.016579449176788330e-01
3.770883679389953613e-01
4.340374767780303955e-01
5.138138532638549805e-01
5.941016674041748047e-01
6.556875705718994141e-01
7.218375802040100098e-01
8.069636821746826172e-01
8.718747496604919434e-01
9.614268541336059570e-01
1.050512552261352539e+00
1.119776129722595215e+00
1.210605263710021973e+00
1.280943870544433594e+00
1.351599454879760742e+00
1.443841695785522461e+00
1.536290526390075684e+00
1.630469202995300293e+00
1.699681282043457031e+00
1.793361067771911621e+00
1.863690495491027832e+00
1.931888461112976074e+00
2.023766040802001953e+00
2.112847089767456055e+00
2.180555820465087891e+00
2.267284393310546875e+00
2.352403640747070312e+00
2.416789293289184570e+00
2.480082273483276367e+00
2.560358285903930664e+00
2.620808362960815430e+00
2.697031259536743164e+00
2.770707368850708008e+00
2.843379020690917969e+00
2.894732236862182617e+00
2.962289094924926758e+00
3.011339664459228516e+00
3.056879758834838867e+00
3.116380691528320312e+00
3.170746088027954102e+00
3.210880756378173828e+00
3.258951663970947266e+00
3.303286552429199219e+00
3.335711002349853516e+00
3.365942955017089844e+00
3.400555133819580078e+00
3.432825088500976562e+00
3.453103303909301758e+00
3.476542949676513672e+00
3.497495412826538086e+00
3.509219646453857422e+00
3.521894693374633789e+00
3.530691385269165039e+00
3.534524679183959961e+00
3.537597179412841797e+00
3.534823656082153320e+00
3.531639814376831055e+00
3.521575927734375000e+00
3.512957811355590820e+00
3.502039909362792969e+00
3.481783390045166016e+00
3.457556724548339844e+00
3.431047916412353516e+00
3.407445192337036133e+00
3.372704267501831055e+00
3.347456216812133789e+00
3.304797887802124023e+00
3.274923324584960938e+00
3.227897644042968750e+00
3.190499305725097656e+00
3.139485836029052734e+00
3.083896875381469727e+00
3.041904449462890625e+00
2.981441020965576172e+00
2.935964584350585938e+00
2.889107227325439453e+00
2.822537660598754883e+00
2.753830909729003906e+00
2.684710025787353516e+00
2.630535364151000977e+00
2.558422327041625977e+00
2.503756761550903320e+00
2.446832895278930664e+00
2.371464729309082031e+00
2.293629407882690430e+00
2.234754085540771484e+00
2.157252788543701172e+00
2.077859401702880859e+00
2.019675016403198242e+00
1.961466193199157715e+00
1.881996154785156250e+00
1.804332256317138672e+00
1.745317935943603516e+00
1.667251586914062500e+00
1.591533064842224121e+00
1.534354686737060547e+00
1.480762481689453125e+00
1.406671166419982910e+00
1.352128505706787109e+00
1.282349586486816406e+00
1.213045120239257812e+00
1.162425994873046875e+00
1.098294258117675781e+00
1.052095055580139160e+00
9.908343553543090820e-01
9.480232596397399902e-01
8.915386795997619629e-01
8.393675088882446289e-01
8.012197017669677734e-01
7.531517744064331055e-01
7.097498178482055664e-01
6.784252524375915527e-01
6.517611742019653320e-01
6.157770752906799316e-01
5.912106633186340332e-01
5.630769729614257812e-01
5.374672412872314453e-01
5.208314657211303711e-01
5.034301877021789551e-01
4.933338761329650879e-01
4.817062318325042725e-01
4.769560098648071289e-01
4.725300967693328857e-01
4.735184609889984131e-01
4.760431945323944092e-01
4.830579757690429688e-01
4.935304522514343262e-01
5.038508176803588867e-01
5.224531292915344238e-01
5.439326167106628418e-01
5.627140998840332031e-01
5.924792289733886719e-01
6.250101923942565918e-01
6.519759893417358398e-01
6.834626793861389160e-01
7.255973815917968750e-01
7.714297175407409668e-01
8.093239068984985352e-01
8.613746166229248047e-01
9.179635643959045410e-01
9.617080092430114746e-01
1.008363842964172363e+00
1.072865962982177734e+00
1.122340559959411621e+00
1.191864252090454102e+00
1.262959241867065430e+00
1.317938446998596191e+00
1.394389986991882324e+00
1.471980690956115723e+00
1.532574057579040527e+00
1.594223260879516602e+00
1.676553368568420410e+00
1.761484026908874512e+00
1.825326561927795410e+00
1.911518335342407227e+00
1.999747633934020996e+00
2.065726280212402344e+00
2.133073806762695312e+00
2.222975969314575195e+00
2.289894104003906250e+00
2.380210161209106445e+00
2.469531774520874023e+00
2.536378383636474609e+00
2.626076221466064453e+00
2.693184852600097656e+00
2.780758857727050781e+00
2.846725463867187500e+00
2.932492256164550781e+00
3.017837524414062500e+00
3.080209016799926758e+00
3.161921977996826172e+00
3.223722219467163086e+00
3.282696485519409180e+00
3.359475374221801758e+00
3.434797048568725586e+00
3.489063739776611328e+00
3.559957027435302734e+00
3.627298355102539062e+00
3.675914049148559570e+00
3.738871574401855469e+00
3.784209728240966797e+00
3.840776205062866211e+00
3.881738662719726562e+00
3.932304859161376953e+00
3.980012655258178711e+00
4.012825965881347656e+00
4.053276062011718750e+00
4.082483768463134766e+00
4.108078002929687500e+00
4.138721466064453125e+00
4.165990829467773438e+00
4.183248043060302734e+00
4.203282833099365234e+00
4.218484401702880859e+00
4.227126121520996094e+00
4.234630107879638672e+00
4.239259719848632812e+00
4.239650249481201172e+00
4.237751007080078125e+00
4.230731010437011719e+00
4.220073699951171875e+00
4.208911418914794922e+00
4.195968151092529297e+00
4.174920082092285156e+00
4.156067371368408203e+00
4.127439022064208984e+00
4.095393180847167969e+00
4.068449020385742188e+00
4.029715061187744141e+00
3.998352766036987305e+00
3.952760934829711914e+00
3.916731595993041992e+00
3.865125417709350586e+00
3.810262203216552734e+00
3.767480611801147461e+00
3.707239627838134766e+00
3.660970449447631836e+00
3.595409870147705078e+00
3.545211315155029297e+00
3.475987195968627930e+00
3.422272205352783203e+00
3.349121570587158203e+00
3.273635149002075195e+00
3.215832471847534180e+00
3.137644767761230469e+00
3.078095436096191406e+00
2.997143983840942383e+00
2.935970544815063477e+00
2.853186607360839844e+00
2.769638538360595703e+00
2.706850290298461914e+00
2.622445821762084961e+00
2.559457778930664062e+00
2.495969295501708984e+00
2.411427259445190430e+00
2.327395439147949219e+00
2.264545440673828125e+00
2.181522846221923828e+00
2.099188327789306641e+00
2.038284540176391602e+00
1.978049755096435547e+00
1.898746252059936523e+00
1.821003437042236328e+00
1.763945102691650391e+00
1.689373493194580078e+00
1.616870045661926270e+00
1.564034938812255859e+00
1.512515306472778320e+00
1.445972442626953125e+00
1.397751212120056152e+00
1.335894942283630371e+00
1.276985645294189453e+00
1.234782576560974121e+00
1.181295394897460938e+00
1.131092071533203125e+00
1.095656752586364746e+00
1.062173247337341309e+00
1.020700812339782715e+00
9.829109907150268555e-01
9.569783806800842285e-01
9.258351922035217285e-01
8.986015319824218750e-01
8.806874752044677734e-01
8.650144338607788086e-01
8.476783037185668945e-01
8.374413847923278809e-01
8.273973464965820312e-01
8.213443756103515625e-01
8.196344375610351562e-01
8.208207488059997559e-01
8.243744373321533203e-01
8.329668641090393066e-01
8.419131636619567871e-01
8.576825261116027832e-01
8.775075078010559082e-01
8.947737216949462891e-01
9.215597510337829590e-01
9.439538717269897461e-01
9.684891104698181152e-01
1.004846096038818359e+00
1.044600248336791992e+00
1.076985716819763184e+00
1.123227834701538086e+00
1.172542214393615723e+00
1.211914658546447754e+00
1.252390503883361816e+00
1.309925079345703125e+00
1.370390057563781738e+00
1.417198777198791504e+00
1.482418656349182129e+00
1.550142884254455566e+00
1.602074623107910156e+00
1.673766016960144043e+00
1.728024482727050781e+00
1.784187555313110352e+00
1.860596299171447754e+00
1.938115477561950684e+00
1.997506022453308105e+00
2.077756404876708984e+00
2.158550024032592773e+00
2.219562768936157227e+00
2.280940532684326172e+00
2.363895416259765625e+00
2.447173833847045898e+00
2.509180784225463867e+00
2.592520713806152344e+00
2.675618410110473633e+00
2.737087965011596680e+00
2.798201560974121094e+00
2.879183053970336914e+00
2.939740419387817383e+00
3.019500970840454102e+00
3.097334146499633789e+00
3.155195951461791992e+00
3.230893611907958984e+00
3.285171031951904297e+00
3.357523202896118164e+00
3.409713029861450195e+00
3.478177070617675781e+00
3.544187545776367188e+00
3.591282844543457031e+00
3.652595043182373047e+00
3.695966482162475586e+00
3.752107620239257812e+00
3.791414499282836914e+00
3.841196298599243164e+00
3.876880645751953125e+00
3.921415328979492188e+00
3.961584568023681641e+00
3.998836755752563477e+00
4.024295806884765625e+00
4.045968532562255859e+00
4.073572158813476562e+00
4.090831279754638672e+00
4.111400127410888672e+00
4.127872943878173828e+00
4.136652469635009766e+00
4.145837783813476562e+00
4.149093151092529297e+00
4.149959087371826172e+00
4.148581027984619141e+00
4.142062187194824219e+00
4.135067939758300781e+00
4.122051239013671875e+00
4.103904247283935547e+00
4.087309360504150391e+00
4.069324493408203125e+00
4.040803432464599609e+00
4.009192943572998047e+00
3.981896638870239258e+00
3.943374633789062500e+00
3.901019811630249023e+00
3.865790367126464844e+00
3.828484296798706055e+00
3.776954650878906250e+00
3.734994411468505859e+00
3.677464008331298828e+00
3.615635156631469727e+00
3.567992687225341797e+00
3.501849412918090820e+00
3.448213100433349609e+00
3.377156019210815430e+00
3.321070909500122070e+00
3.245601177215576172e+00
3.167848587036132812e+00
3.107026338577270508e+00
3.025698661804199219e+00
2.942585945129394531e+00
2.878054380416870117e+00
2.812692165374755859e+00
2.725938320159912109e+00
2.658972501754760742e+00
2.570406913757324219e+00
2.479906082153320312e+00
2.390029668807983398e+00
2.322385072708129883e+00
2.252226591110229492e+00
2.161860704421997070e+00
2.092967510223388672e+00
2.003028869628906250e+00
1.913621306419372559e+00
1.845793843269348145e+00
1.757796645164489746e+00
1.691243410110473633e+00
1.625371932983398438e+00
1.540445208549499512e+00
1.457092404365539551e+00
1.394438147544860840e+00
1.314284324645996094e+00
1.234910249710083008e+00
1.176514387130737305e+00
1.120765089988708496e+00
1.047318935394287109e+00
9.778618812561035156e-01
9.262792468070983887e-01
8.618608117103576660e-01
8.005238175392150879e-01
7.552675008773803711e-01
6.996365785598754883e-01
6.587899923324584961e-01
6.199116110801696777e-01
5.730608701705932617e-01
5.299096703529357910e-01
4.986327588558197021e-01
4.621624350547790527e-01
4.282086789608001709e-01
4.049964547157287598e-01
3.854660391807556152e-01
3.615626394748687744e-01
3.431943953037261963e-01
3.306947648525238037e-01
3.195848464965820312e-01
3.126474320888519287e-01
3.087260723114013672e-01
3.071409761905670166e-01
3.106141388416290283e-01
3.144608139991760254e-01
3.251504302024841309e-01
3.384274244308471680e-01
3.572132885456085205e-01
3.739094436168670654e-01
3.898005783557891846e-01
4.183601438999176025e-01
4.422631561756134033e-01
4.758514165878295898e-01
5.145641565322875977e-01
5.443723201751708984e-01
5.891321897506713867e-01
6.233294606208801270e-01
6.593160033226013184e-01
7.120516896247863770e-01
7.677402496337890625e-01
8.097953200340270996e-01
8.702844381332397461e-01
9.317305684089660645e-01
9.789732694625854492e-01
1.047578334808349609e+00
1.096043467521667480e+00
1.166543364524841309e+00
1.220567345619201660e+00
1.292383074760437012e+00
1.367193102836608887e+00
1.422498106956481934e+00
1.499284982681274414e+00
1.555836081504821777e+00
1.612777471542358398e+00
1.691321015357971191e+00
1.770213603973388672e+00
1.847620368003845215e+00
1.906865000724792480e+00
1.984017014503479004e+00
2.041199922561645508e+00
2.099696874618530273e+00
2.175394058227539062e+00
2.251805543899536133e+00
2.308383941650390625e+00
2.381032705307006836e+00
2.453863143920898438e+00
2.505741596221923828e+00
2.556599617004394531e+00
2.624916791915893555e+00
2.673098802566528320e+00
2.737582921981811523e+00
2.799641132354736328e+00
2.857426881790161133e+00
2.900228977203369141e+00
2.938045978546142578e+00
2.990345478057861328e+00
3.027531147003173828e+00
3.072590589523315430e+00
3.115992784500122070e+00
3.146273851394653320e+00
3.181829452514648438e+00
3.215423822402954102e+00
3.236453533172607422e+00
3.255328178405761719e+00
3.279362916946411133e+00
3.293082714080810547e+00
3.310142993927001953e+00
3.323136806488037109e+00
3.330299139022827148e+00
3.334234714508056641e+00
3.332382678985595703e+00
3.330829620361328125e+00
3.326907396316528320e+00
3.316274404525756836e+00
3.303164720535278320e+00
3.288858413696289062e+00
3.268440961837768555e+00
3.248684167861938477e+00
3.226617574691772461e+00
3.195948123931884766e+00
3.161270380020141602e+00
3.120918512344360352e+00
3.089413642883300781e+00
3.044087648391723633e+00
3.004184007644653320e+00
2.965706586837768555e+00
2.909566640853881836e+00
2.851725339889526367e+00
2.806162357330322266e+00
2.740868568420410156e+00
2.674231767654418945e+00
2.620580911636352539e+00
2.565341472625732422e+00
2.491649150848388672e+00
2.432961940765380859e+00
2.354923486709594727e+00
2.274635791778564453e+00
2.190537691116333008e+00
2.127516984939575195e+00
2.041970252990722656e+00
1.973302125930786133e+00
1.907310605049133301e+00
1.816489458084106445e+00
1.726332545280456543e+00
1.658132195472717285e+00
1.564850330352783203e+00
1.472787857055664062e+00
1.401794791221618652e+00
1.330716252326965332e+00
1.238268256187438965e+00
1.167327642440795898e+00
1.075376391410827637e+00
9.839910864830017090e-01
8.916504979133605957e-01
8.243161439895629883e-01
7.558904886245727539e-01
6.663591265678405762e-01
6.014530658721923828e-01
5.146166086196899414e-01
4.312970936298370361e-01
3.700987100601196289e-01
2.886551022529602051e-01
2.286435216665267944e-01
1.699978709220886230e-01
9.632396697998046875e-02
2.535850554704666138e-02
0.000000000000000000e+00
0.000000000000000000e+00
0.000000000000000000e+00
0.000000000000000000e+00
0.000000000000000000e+00
0.000000000000000000e+00
0.000000000000000000e+00
0.000000000000000000e+00
0.000000000000000000e+00
0.000000000000000000e+00
0.000000000000000000e+00
0.000000000000000000e+00
0.000000000000000000e+00
0.000000000000000000e+00
0.000000000000000000e+00
0.000000000000000000e+00
0.000000000000000000e+00
0.000000000000000000e+00
0.000000000000000000e+00
0.000000000000000000e+00
0.000000000000000000e+00
0.000000000000000000e+00
0.000000000000000000e+00
0.000000000000000000e+00
0.000000000000000000e+00
0.000000000000000000e+00
0.000000000000000000e+00
0.000000000000000000e+00
0.000000000000000000e+00
0.000000000000000000e+00
0.000000000000000000e+00
0.000000000000000000e+00
0.000000000000000000e+00
0.000000000000000000e+00
0.000000000000000000e+00
0.000000000000000000e+00
0.000000000000000000e+00
0.000000000000000000e+00
0.000000000000000000e+00
0.000000000000000000e+00
0.000000000000000000e+00
0.000000000000000000e+00
6.473516672849655151e-02
1.133589968085289001e-01
1.840274930000305176e-01
2.564680576324462891e-01
3.103152513504028320e-01
3.854047954082489014e-01
4.602165222167968750e-01
5.181666016578674316e-01
5.751081109046936035e-01
6.521813869476318359e-01
7.114845514297485352e-01
7.893835902214050293e-01
8.689631819725036621e-01
9.286423921585083008e-01
1.006564617156982422e+00
1.064405202865600586e+00
1.123419523239135742e+00
1.200024962425231934e+00
1.277204394340515137e+00
1.353291273117065430e+00
1.408077359199523926e+00
1.481785774230957031e+00
1.533148765563964844e+00
1.586387872695922852e+00
1.655692338943481445e+00
1.721499443054199219e+00
1.770443201065063477e+00
1.832199573516845703e+00
1.892806529998779297e+00
1.936488986015319824e+00
1.975819230079650879e+00
2.029369831085205078e+00
2.079838275909423828e+00
2.114225864410400391e+00
2.158987760543823242e+00
2.200316190719604492e+00
2.227651596069335938e+00
2.262713432312011719e+00
2.283922195434570312e+00
2.305660486221313477e+00
2.331270217895507812e+00
2.351652383804321289e+00
2.365307331085205078e+00
2.378693580627441406e+00
2.389297485351562500e+00
2.394551038742065430e+00
2.394939899444580078e+00
2.395219087600708008e+00
2.391331434249877930e+00
2.384433984756469727e+00
2.373262405395507812e+00
2.356712579727172852e+00
2.342519044876098633e+00
2.324804782867431641e+00
2.298052310943603516e+00
2.276258230209350586e+00
2.243727207183837891e+00
2.206107378005981445e+00
2.176267385482788086e+00
2.132024765014648438e+00
2.096148729324340820e+00
2.059413671493530273e+00
2.006219863891601562e+00
1.950773835182189941e+00
1.892047286033630371e+00
1.844809293746948242e+00
1.780669093132019043e+00
1.728448510169982910e+00
1.676873207092285156e+00
1.605778217315673828e+00
1.531095504760742188e+00
1.474347472190856934e+00
1.396756768226623535e+00
1.316076517105102539e+00
1.255131244659423828e+00
1.171347856521606445e+00
1.107253432273864746e+00
1.021971344947814941e+00
9.562122225761413574e-01
8.689897656440734863e-01
7.809283137321472168e-01
7.134730815887451172e-01
6.244413852691650391e-01
5.555505752563476562e-01
4.885273575782775879e-01
3.992056250572204590e-01
3.091876804828643799e-01
2.426611632108688354e-01
1.544965952634811401e-01
6.622592359781265259e-02
1.356797059997916222e-03
0.000000000000000000e+00
0.000000000000000000e+00
0.000000000000000000e+00
0.000000000000000000e+00
0.000000000000000000e+00
0.000000000000000000e+00
0.000000000000000000e+00
0.000000000000000000e+00
0.000000000000000000e+00
0.000000000000000000e+00
0.000000000000000000e+00
0.000000000000000000e+00
0.000000000000000000e+00
0.000000000000000000e+00
0.000000000000000000e+00
0.000000000000000000e+00
0.000000000000000000e+00
0.000000000000000000e+00
0.000000000000000000e+00
0.000000000000000000e+00
0.000000000000000000e+00
0.000000000000000000e+00
0.000000000000000000e+00
0.000000000000000000e+00
0.000000000000000000e+00
0.000000000000000000e+00
0.000000000000000000e+00
0.000000000000000000e+00
0.000000000000000000e+00
0.000000000000000000e+00
0.000000000000000000e+00
0.000000000000000000e+00
0.000000000000000000e+00
0.000000000000000000e+00
0.000000000000000000e+00
0.000000000000000000e+00
0.000000000000000000e+00
0.000000000000000000e+00
0.000000000000000000e+00
0.000000000000000000e+00
0.000000000000000000e+00
0.000000000000000000e+00
0.000000000000000000e+00
0.000000000000000000e+00
0.000000000000000000e+00
0.000000000000000000e+00
0.000000000000000000e+00
0.000000000000000000e+00
0.000000000000000000e+00
0.000000000000000000e+00
0.000000000000000000e+00
0.000000000000000000e+00
0.000000000000000000e+00
0.000000000000000000e+00
0.000000000000000000e+00
0.000000000000000000e+00
0.000000000000000000e+00
0.000000000000000000e+00
0.000000000000000000e+00
0.000000000000000000e+00
0.000000000000000000e+00
1.528055686503648758e-02
9.883920848369598389e-02
1.829581260681152344e-01
2.460530847311019897e-01
3.306693136692047119e-01
4.152803719043731689e-01
4.784047007560729980e-01
5.413421392440795898e-01
6.250622272491455078e-01
6.872144937515258789e-01
7.695492506027221680e-01
8.506593704223632812e-01
9.107900857925415039e-01
9.897105693817138672e-01
1.047614812850952148e+00
1.123619318008422852e+00
1.179265975952148438e+00
1.251780152320861816e+00
1.322050452232360840e+00
1.373112082481384277e+00
1.439060926437377930e+00
1.486716389656066895e+00
1.532808542251586914e+00
1.591751813888549805e+00
1.647619247436523438e+00
1.687442183494567871e+00
1.737645506858825684e+00
1.784453034400939941e+00
1.817239522933959961e+00
1.857789754867553711e+00
1.885880351066589355e+00
1.919907569885253906e+00
1.942977666854858398e+00
1.970221877098083496e+00
1.993491649627685547e+00
2.008409500122070312e+00
2.024607419967651367e+00
2.034194231033325195e+00
2.041479110717773438e+00
2.047393083572387695e+00
2.049316406250000000e+00
2.047916650772094727e+00
2.042418479919433594e+00
2.032977819442749023e+00
2.023264408111572266e+00
2.011054992675781250e+00
1.991456508636474609e+00
1.967636108398437500e+00
1.947425484657287598e+00
1.916754603385925293e+00
1.882265090942382812e+00
1.854222297668457031e+00
1.824137091636657715e+00
1.780515789985656738e+00
1.745820403099060059e+00
1.696195244789123535e+00
1.643633723258972168e+00
1.601901054382324219e+00
1.543609857559204102e+00
1.498713135719299316e+00
1.435477256774902344e+00
1.386318683624267578e+00
1.318991541862487793e+00
1.248940348625183105e+00
1.195389151573181152e+00
1.121675968170166016e+00
1.065605401992797852e+00
9.887864589691162109e-01
9.306220412254333496e-01
8.512765169143676758e-01
7.914605736732482910e-01
7.101873755455017090e-01
6.285837292671203613e-01
5.458574295043945312e-01
4.835218191146850586e-01
4.220966398715972900e-01
3.387100994586944580e-01
2.762166857719421387e-01
1.936824619770050049e-01
1.110427156090736389e-01
5.006349459290504456e-02
0.000000000000000000e+00
0.000000000000000000e+00
0.000000000000000000e+00
0.000000000000000000e+00
0.000000000000000000e+00
0.000000000000000000e+00
0.000000000000000000e+00
0.000000000000000000e+00
0.000000000000000000e+00
0.000000000000000000e+00
0.000000000000000000e+00
0.000000000000000000e+00
0.000000000000000000e+00
0.000000000000000000e+00
0.000000000000000000e+00
0.000000000000000000e+00
0.000000000000000000e+00
0.000000000000000000e+00
0.000000000000000000e+00
0.000000000000000000e+00
0.000000000000000000e+00
0.000000000000000000e+00
0.000000000000000000e+00
0.000000000000000000e+00
0.000000000000000000e+00
0.000000000000000000e+00
0.000000000000000000e+00
0.000000000000000000e+00
0.000000000000000000e+00
0.000000000000000000e+00
0.000000000000000000e+00
0.000000000000000000e+00
0.000000000000000000e+00
0.000000000000000000e+00
0.000000000000000000e+00
0.000000000000000000e+00
0.000000000000000000e+00
0.000000000000000000e+00
0.000000000000000000e+00
0.000000000000000000e+00
0.000000000000000000e+00
0.000000000000000000e+00
0.000000000000000000e+00
0.000000000000000000e+00
0.000000000000000000e+00
0.000000000000000000e+00
0.000000000000000000e+00
0.000000000000000000e+00
0.000000000000000000e+00
0.000000000000000000e+00
0.000000000000000000e+00
0.000000000000000000e+00
0.000000000000000000e+00
0.000000000000000000e+00
0.000000000000000000e+00
0.000000000000000000e+00
0.000000000000000000e+00
0.000000000000000000e+00
0.000000000000000000e+00
1.200136914849281311e-02
7.761908322572708130e-02
1.646680831909179688e-01
2.318244874477386475e-01
2.995041310787200928e-01
3.888312876224517822e-01
4.787078201770782471e-01
5.475492477416992188e-01
6.379005908966064453e-01
7.282352447509765625e-01
7.982931733131408691e-01
8.657085299491882324e-01
9.563531279563903809e-01
1.045033931732177734e+00
1.110940814018249512e+00
1.199110984802246094e+00
1.284745335578918457e+00
1.349285483360290527e+00
1.412926077842712402e+00
1.494523286819458008e+00
1.555748462677001953e+00
1.633827209472656250e+00
1.709647655487060547e+00
1.784357905387878418e+00
1.837714433670043945e+00
1.892207622528076172e+00
1.958844184875488281e+00
2.006876707077026367e+00
2.069566011428833008e+00
2.127693176269531250e+00
2.169100999832153320e+00
2.222670078277587891e+00
2.260879993438720703e+00
2.306814908981323242e+00
2.340219497680664062e+00
2.379586696624755859e+00
2.407979488372802734e+00
2.440528869628906250e+00
2.469086170196533203e+00
2.495020389556884766e+00
2.510723114013671875e+00
2.526979446411132812e+00
2.541210889816284180e+00
2.549152612686157227e+00
2.557544231414794922e+00
2.560312032699584961e+00
2.559651851654052734e+00
2.556607246398925781e+00
2.551988601684570312e+00
2.545069694519042969e+00
2.530310153961181641e+00
2.511523962020874023e+00
2.496327161788940430e+00
2.470649719238281250e+00
2.441132545471191406e+00
2.419557571411132812e+00
2.392885923385620117e+00
2.355700016021728516e+00
2.313490867614746094e+00
2.279605388641357422e+00
2.233094453811645508e+00
2.181883811950683594e+00
2.141483306884765625e+00
2.102553367614746094e+00
2.044065713882446289e+00
2.000018596649169922e+00
1.937006831169128418e+00
1.871634364128112793e+00
1.805653810501098633e+00
1.753656864166259766e+00
1.702194213867187500e+00
1.631552577018737793e+00
1.576354503631591797e+00
1.503146290779113770e+00
1.427134037017822266e+00
1.369452476501464844e+00
1.293421745300292969e+00
1.215125679969787598e+00
1.156096220016479492e+00
1.100149512290954590e+00
1.021117091178894043e+00
9.635054469108581543e-01
8.847205042839050293e-01
8.063572645187377930e-01
7.302647829055786133e-01
6.724975109100341797e-01
6.169319152832031250e-01
5.433043837547302246e-01
4.877048730850219727e-01
4.165354073047637939e-01
3.453710973262786865e-01
2.932020723819732666e-01
2.270662188529968262e-01
1.792995035648345947e-01
1.328305006027221680e-01
7.077491283416748047e-02
1.131047867238521576e-02
0.000000000000000000e+00
0.000000000000000000e+00
0.000000000000000000e+00
0.000000000000000000e+00
0.000000000000000000e+00
0.000000000000000000e+00
0.000000000000000000e+00
0.000000000000000000e+00
0.000000000000000000e+00
0.000000000000000000e+00
0.000000000000000000e+00
0.000000000000000000e+00
0.000000000000000000e+00
0.000000000000000000e+00
0.000000000000000000e+00
0.000000000000000000e+00
0.000000000000000000e+00
0.000000000000000000e+00
0.000000000000000000e+00
0.000000000000000000e+00
0.000000000000000000e+00
0.000000000000000000e+00
0.000000000000000000e+00
0.000000000000000000e+00
0.000000000000000000e+00
0.000000000000000000e+00
0.000000000000000000e+00
0.000000000000000000e+00
0.000000000000000000e+00
0.000000000000000000e+00
0.000000000000000000e+00
0.000000000000000000e+00
0.000000000000000000e+00
0.000000000000000000e+00
1.701204478740692139e-02
7.990512251853942871e-02
1.278689354658126831e-01
1.945058703422546387e-01
2.658170759677886963e-01
3.198334276676177979e-01
3.959156870841979980e-01
4.550647139549255371e-01
5.138138532638549805e-01
5.958394408226013184e-01
6.781996488571166992e-01
7.624503970146179199e-01
8.285040259361267090e-01
9.156117439270019531e-01
9.853227734565734863e-01
1.072959303855895996e+00
1.142404913902282715e+00
1.235166907310485840e+00
1.303887128829956055e+00
1.397681951522827148e+00
1.490053176879882812e+00
1.559410929679870605e+00
1.653557062149047852e+00
1.724439501762390137e+00
1.793361067771911621e+00
1.886472225189208984e+00
1.977086901664733887e+00
2.066730022430419922e+00
2.134926557540893555e+00
2.222389221191406250e+00
2.290441036224365234e+00
2.354120731353759766e+00
2.437440395355224609e+00
2.520490407943725586e+00
2.580082416534423828e+00
2.659228086471557617e+00
2.734198093414306641e+00
2.788709402084350586e+00
2.845082521438598633e+00
2.913182497024536133e+00
2.962289094924926758e+00
3.026723623275756836e+00
3.086206436157226562e+00
3.142309427261352539e+00
3.183786153793334961e+00
3.223243236541748047e+00
3.272073030471801758e+00
3.304968357086181641e+00
3.345474004745483398e+00
3.383746623992919922e+00
3.408583879470825195e+00
3.439840078353881836e+00
3.465339422225952148e+00
3.481755971908569336e+00
3.499155998229980469e+00
3.514261245727539062e+00
3.525166034698486328e+00
3.532232522964477539e+00
3.535763978958129883e+00
3.535090684890747070e+00
3.533476591110229492e+00
3.529511690139770508e+00
3.520048618316650391e+00
3.509029865264892578e+00
3.490786790847778320e+00
3.470161914825439453e+00
3.450888156890869141e+00
3.423416852951049805e+00
3.400717020034790039e+00
3.374310731887817383e+00
3.337521314620971680e+00
3.295587301254272461e+00
3.250230789184570312e+00
3.215630769729614258e+00
3.164584875106811523e+00
3.125863313674926758e+00
3.085472345352172852e+00
3.027037858963012695e+00
2.967483520507812500e+00
2.919975042343139648e+00
2.854545116424560547e+00
2.788440465927124023e+00
2.736341476440429688e+00
2.686251401901245117e+00
2.613805770874023438e+00
2.558422327041625977e+00
2.484858989715576172e+00
2.408520936965942383e+00
2.331138134002685547e+00
2.274046421051025391e+00
2.195313692092895508e+00
2.138931274414062500e+00
2.079353809356689453e+00
1.999774336814880371e+00
1.921702265739440918e+00
1.862172842025756836e+00
1.783151984214782715e+00
1.706185579299926758e+00
1.647866606712341309e+00
1.592986702919006348e+00
1.516894102096557617e+00
1.442090988159179688e+00
1.388387560844421387e+00
1.316299676895141602e+00
1.246025562286376953e+00
1.196037888526916504e+00
1.147238016128540039e+00
1.083678483963012695e+00
1.036537766456604004e+00
9.759309291839599609e-01
9.194225668907165527e-01
8.778712749481201172e-01
8.250845670700073242e-01
7.902639508247375488e-01
7.545117139816284180e-01
7.111013531684875488e-01
6.697661280632019043e-01
6.319765448570251465e-01
6.073551774024963379e-01
5.760080218315124512e-01
5.563105344772338867e-01
5.316752791404724121e-01
5.170851349830627441e-01
5.006759762763977051e-01
4.900439083576202393e-01
4.794397950172424316e-01
4.742249846458435059e-01
4.720720052719116211e-01
4.728410840034484863e-01
4.786570072174072266e-01
4.867063462734222412e-01
4.967112839221954346e-01
5.120248794555664062e-01
5.314625501632690430e-01
5.499398112297058105e-01
5.764961838722229004e-01
6.002419590950012207e-01
6.262004971504211426e-01
6.626299619674682617e-01
7.040619254112243652e-01
7.367125153541564941e-01
7.834540605545043945e-01
8.349164724349975586e-01
8.749237656593322754e-01
9.179635643959045410e-01
9.778149127960205078e-01
1.039683222770690918e+00
1.089176774024963379e+00
1.156211495399475098e+00
1.225997686386108398e+00
1.281131982803344727e+00
1.337641954421997070e+00
1.413586735725402832e+00
1.473039031028747559e+00
1.552660822868347168e+00
1.635179400444030762e+00
1.697389602661132812e+00
1.781660437583923340e+00
1.847779512405395508e+00
1.933236479759216309e+00
2.000743627548217773e+00
2.088796377182006836e+00
2.177484989166259766e+00
2.245265722274780273e+00
2.334566116333007812e+00
2.423938274383544922e+00
2.491833209991455078e+00
2.559549808502197266e+00
2.648181438446044922e+00
2.715156555175781250e+00
2.802511453628540039e+00
2.889759063720703125e+00
2.953738451004028320e+00
3.037848472595214844e+00
3.101666212081909180e+00
3.182930231094360352e+00
3.243507146835327148e+00
3.321360111236572266e+00
3.397020339965820312e+00
3.453042745590209961e+00
3.524440526962280273e+00
3.577055215835571289e+00
3.628091096878051758e+00
3.692530155181884766e+00
3.753928184509277344e+00
3.798660993576049805e+00
3.854394912719726562e+00
3.907463073730468750e+00
3.944390773773193359e+00
3.980012655258178711e+00
4.024008274078369141e+00
4.063493251800537109e+00
4.091261863708496094e+00
4.123900890350341797e+00
4.152531147003173828e+00
4.172000408172607422e+00
4.193461418151855469e+00
4.207476139068603516e+00
4.219119548797607422e+00
4.230104446411132812e+00
4.236862182617187500e+00
4.239754676818847656e+00
4.239085674285888672e+00
4.234767913818359375e+00
4.228318214416503906e+00
4.220073699951171875e+00
4.205224514007568359e+00
4.185686111450195312e+00
4.168887138366699219e+00
4.142248153686523438e+00
4.111649513244628906e+00
4.086649894714355469e+00
4.059485435485839844e+00
4.019330501556396484e+00
3.987287282943725586e+00
3.940815210342407227e+00
3.890896320343017578e+00
3.851709604263305664e+00
3.796053171157836914e+00
3.753113985061645508e+00
3.692132234573364258e+00
3.644532918930053711e+00
3.579094171524047852e+00
3.510712862014770508e+00
3.458221912384033203e+00
3.385782718658447266e+00
3.330428361892700195e+00
3.273968458175659180e+00
3.196677207946777344e+00
3.117780685424804688e+00
3.057972908020019531e+00
2.976723909378051758e+00
2.894686698913574219e+00
2.832363367080688477e+00
2.748656034469604492e+00
2.686025857925415039e+00
2.601541042327880859e+00
2.538068056106567383e+00
2.453671932220458984e+00
2.369261026382446289e+00
2.306408643722534180e+00
2.222850084304809570e+00
2.160849571228027344e+00
2.099349975585937500e+00
2.018078088760375977e+00
1.938076972961425781e+00
1.879156827926635742e+00
1.801833629608154297e+00
1.726411938667297363e+00
1.671142101287841797e+00
1.616957426071166992e+00
1.546761155128479004e+00
1.478893876075744629e+00
1.429676532745361328e+00
1.366466760635375977e+00
1.306053996086120605e+00
1.262723445892333984e+00
1.221118211746215820e+00
1.168430685997009277e+00
1.131080865859985352e+00
1.084284305572509766e+00
1.041018009185791016e+00
1.010904431343078613e+00
9.740498065948486328e-01
9.487627744674682617e-01
9.185796380043029785e-01
8.985156416893005371e-01
8.751466870307922363e-01
8.558958172798156738e-01
8.441298007965087891e-01
8.319029808044433594e-01
8.239271044731140137e-01
8.205146193504333496e-01
8.194211125373840332e-01
8.218065500259399414e-01
8.261349797248840332e-01
8.357596397399902344e-01
8.494961857795715332e-01
8.622603416442871094e-01
8.830918669700622559e-01
9.008614420890808105e-01
9.286173582077026367e-01
9.519826769828796387e-01
9.862008690834045410e-01
1.024413228034973145e+00
1.055465817451477051e+00
1.099675297737121582e+00
1.135009765625000000e+00
1.172218203544616699e+00
1.225103855133056641e+00
1.281129956245422363e+00
1.324772357940673828e+00
1.385946869850158691e+00
1.449864268302917480e+00
1.498732209205627441e+00
1.549745917320251465e+00
1.619387269020080566e+00
1.691593170166015625e+00
1.747061371803283691e+00
1.822183847427368164e+00
1.899401068687438965e+00
1.957830309867858887e+00
2.016988992691040039e+00
2.097506046295166016e+00
2.158057689666748047e+00
2.240153789520263672e+00
2.322880029678344727e+00
2.384692668914794922e+00
2.468019962310791016e+00
2.551414012908935547e+00
2.612770080566406250e+00
2.675055027008056641e+00
2.757118701934814453e+00
2.839096069335937500e+00
2.900028944015502930e+00
2.979771375656127930e+00
3.058904647827148438e+00
3.116719007492065430e+00
3.173645734786987305e+00
3.248893260955810547e+00
3.303450822830200195e+00
3.375282287597656250e+00
3.444919109344482422e+00
3.494916439056396484e+00
3.560287237167358398e+00
3.606873989105224609e+00
3.666759729385375977e+00
3.710289239883422852e+00
3.764920234680175781e+00
3.817096233367919922e+00
3.854060411453247070e+00
3.899589061737060547e+00
3.931218624114990234e+00
3.960800170898437500e+00
3.998042821884155273e+00
4.031498908996582031e+00
4.053239345550537109e+00
4.079852104187011719e+00
4.102458477020263672e+00
4.115061283111572266e+00
4.131344795227050781e+00
4.139341354370117188e+00
4.146606922149658203e+00
4.149940967559814453e+00
4.149799346923828125e+00
4.146303653717041016e+00
4.140902519226074219e+00
4.129086017608642578e+00
4.117214202880859375e+00
4.102969169616699219e+00
4.081572055816650391e+00
4.056052207946777344e+00
4.033276557922363281e+00
4.000666618347167969e+00
3.964101791381835938e+00
3.932151317596435547e+00
3.900022983551025391e+00
3.852911472320556641e+00
3.803160429000854492e+00
3.763525724411010742e+00
3.706643581390380859e+00
3.647471666336059570e+00
3.600996732711791992e+00
3.550673723220825195e+00
3.483793735504150391e+00
3.430699586868286133e+00
3.358982563018798828e+00
3.284727096557617188e+00
3.206999301910400391e+00
3.148074150085449219e+00
3.086871862411499023e+00
3.003952980041503906e+00
2.941452264785766602e+00
2.855592489242553711e+00
2.769466161727905273e+00
2.704069375991821289e+00
2.614796638488769531e+00
2.546964168548583984e+00
2.458663940429687500e+00
2.388838529586791992e+00
2.298609972000122070e+00
2.229630231857299805e+00
2.139287948608398438e+00
2.049168348312377930e+00
1.958245992660522461e+00
1.891376137733459473e+00
1.823703527450561523e+00
1.734705567359924316e+00
1.669626593589782715e+00
1.582723736763000488e+00
1.498560190200805664e+00
1.436522364616394043e+00
1.354112148284912109e+00
1.293267011642456055e+00
1.234910249710083008e+00
1.157778620719909668e+00
1.084379553794860840e+00
1.029697895050048828e+00
9.609335064888000488e-01
8.950340747833251953e-01
8.448849916458129883e-01
7.991715073585510254e-01
7.410443425178527832e-01
6.848936080932617188e-01
6.460672616958618164e-01
5.960298180580139160e-01
5.510169267654418945e-01
5.197108387947082520e-01
4.877513945102691650e-01
4.522499144077301025e-01
4.282086789608001709e-01
3.982330560684204102e-01
3.737170994281768799e-01
3.532943725585937500e-01
3.392487466335296631e-01
3.260628283023834229e-01
3.160091340541839600e-01
3.111931383609771729e-01
3.084253370761871338e-01
3.083586096763610840e-01
3.121301531791687012e-01
3.192934393882751465e-01
3.320265114307403564e-01
3.442383110523223877e-01
3.557181060314178467e-01
3.784652650356292725e-01
3.965817093849182129e-01
4.260936081409454346e-01
4.593599140644073486e-01
4.947631359100341797e-01
5.247939229011535645e-01
5.552467703819274902e-01
5.993034839630126953e-01
6.356431245803833008e-01
6.868536472320556641e-01
7.395359873771667480e-01
7.821065187454223633e-01
8.397138118743896484e-01
8.842411637306213379e-01
9.317305684089660645e-01
9.955272078514099121e-01
1.063083648681640625e+00
1.113495588302612305e+00
1.184446811676025391e+00
1.257086157798767090e+00
1.309363007545471191e+00
1.365591168403625488e+00
1.441603422164916992e+00
1.517012596130371094e+00
1.575315713882446289e+00
1.653611779212951660e+00
1.730736494064331055e+00
1.789967179298400879e+00
1.867376685142517090e+00
1.924956560134887695e+00
1.984017014503479004e+00
2.060739040374755859e+00
2.138472795486450195e+00
2.215377330780029297e+00
2.270739793777465820e+00
2.345708608627319336e+00
2.397727012634277344e+00
2.452202081680297852e+00
2.523366451263427734e+00
2.591012477874755859e+00
2.641671180725097656e+00
2.707307100296020508e+00
2.768925905227661133e+00
2.814757347106933594e+00
2.855744838714599609e+00
2.912456274032592773e+00
2.953093051910400391e+00
3.002938508987426758e+00
3.051318645477294922e+00
3.096413135528564453e+00
3.126305818557739258e+00
3.154226064682006836e+00
3.188873052597045898e+00
3.213720083236694336e+00
3.243554830551147461e+00
3.267836093902587891e+00
3.284755468368530273e+00
3.303829908370971680e+00
3.312060832977294922e+00
3.325743913650512695e+00
3.328581809997558594e+00
3.333306550979614258e+00
3.333851814270019531e+00
3.329784870147705078e+00
3.322978496551513672e+00
3.311968803405761719e+00
3.299232721328735352e+00
3.284143447875976562e+00
3.260960578918457031e+00
3.242161035537719727e+00
3.213518381118774414e+00
3.179106473922729492e+00
3.151982307434082031e+00
3.110656976699829102e+00
3.076700687408447266e+00
3.042352914810180664e+00
2.991583108901977539e+00
2.938941717147827148e+00
2.882804870605468750e+00
2.836742162704467773e+00
2.774777889251708984e+00
2.724492788314819336e+00
2.672493934631347656e+00
2.602920293807983398e+00
2.528823614120483398e+00
2.472821950912475586e+00
2.395972728729248047e+00
2.315049886703491211e+00
2.254232883453369141e+00
2.188800334930419922e+00
2.104549884796142578e+00
2.040233373641967773e+00
1.951389431953430176e+00
1.862914204597473145e+00
1.773267626762390137e+00
1.703649401664733887e+00
1.633570551872253418e+00
1.541875004768371582e+00
1.471055507659912109e+00
1.378684282302856445e+00
1.284479379653930664e+00
1.215180397033691406e+00
1.123022079467773438e+00
1.029600262641906738e+00
9.612569212913513184e-01
8.899262547492980957e-01
8.002845048904418945e-01
7.118139863014221191e-01
6.446282267570495605e-01
5.586803555488586426e-01
4.744367599487304688e-01
4.107699394226074219e-01
3.482469618320465088e-01
2.690742909908294678e-01
2.095094472169876099e-01
1.345393806695938110e-01
6.049283593893051147e-02
8.058636449277400970e-03
0.000000000000000000e+00
0.000000000000000000e+00
0.000000000000000000e+00
0.000000000000000000e+00
0.000000000000000000e+00
0.000000000000000000e+00
0.000000000000000000e+00
0.000000000000000000e+00
0.000000000000000000e+00
0.000000000000000000e+00
0.000000000000000000e+00
0.000000000000000000e+00
0.000000000000000000e+00
0.000000000000000000e+00
0.000000000000000000e+00
0.000000000000000000e+00
0.000000000000000000e+00
0.000000000000000000e+00
0.000000000000000000e+00
0.000000000000000000e+00
0.000000000000000000e+00
0.000000000000000000e+00
0.000000000000000000e+00
0.000000000000000000e+00
0.000000000000000000e+00
0.000000000000000000e+00
0.000000000000000000e+00
0.000000000000000000e+00
0.000000000000000000e+00
0.000000000000000000e+00
0.000000000000000000e+00
0.000000000000000000e+00
0.000000000000000000e+00
0.000000000000000000e+00
0.000000000000000000e+00
0.000000000000000000e+00
0.000000000000000000e+00
0.000000000000000000e+00
0.000000000000000000e+00
0.000000000000000000e+00
0.000000000000000000e+00
1.263675652444362640e-02
8.029703050851821899e-02
1.484600454568862915e-01
2.019788026809692383e-01
2.748330235481262207e-01
3.274303376674652100e-01
3.838785588741302490e-01
4.602165222167968750e-01
5.360847711563110352e-01
6.143171787261962891e-01
6.719196438789367676e-01
7.511458992958068848e-01
8.092696070671081543e-01
8.888620734214782715e-01
9.470351338386535645e-01
1.026363968849182129e+00
1.084114551544189453e+00
1.162551879882812500e+00
1.238738894462585449e+00
1.296336293220520020e+00
1.372119069099426270e+00
1.425206065177917480e+00
1.480349898338317871e+00
1.552437782287597656e+00
1.621289730072021484e+00
1.689573526382446289e+00
1.737958908081054688e+00
1.802330136299133301e+00
1.847597241401672363e+00
1.891415596008300781e+00
1.949314832687377930e+00
2.004347562789916992e+00
2.042281389236450195e+00
2.091958045959472656e+00
2.137028455734252930e+00
2.169646263122558594e+00
2.198971271514892578e+00
2.235424518585205078e+00
2.269571542739868164e+00
2.291406869888305664e+00
2.318951368331909180e+00
2.342607736587524414e+00
2.356454610824584961e+00
2.368061542510986328e+00
2.381728649139404297e+00
2.388017416000366211e+00
2.394512653350830078e+00
2.396863698959350586e+00
2.394638061523437500e+00
2.389708042144775391e+00
2.379367828369140625e+00
2.369820117950439453e+00
2.356712579727172852e+00
2.336055755615234375e+00
2.312536716461181641e+00
2.291037321090698242e+00
2.260485649108886719e+00
2.225992441177368164e+00
2.196398496627807617e+00
2.164675474166870117e+00
2.120680093765258789e+00
2.084126472473144531e+00
2.033820867538452148e+00
1.980053663253784180e+00
1.936394810676574707e+00
1.876868128776550293e+00
1.827939867973327637e+00
1.779560804367065430e+00
1.712525963783264160e+00
1.641649961471557617e+00
1.569278120994567871e+00
1.512322425842285156e+00
1.435818076133728027e+00
1.375977158546447754e+00
1.315028905868530273e+00
1.233558177947998047e+00
1.150416016578674316e+00
1.086055040359497070e+00
1.000457406044006348e+00
9.137209653854370117e-01
8.470451831817626953e-01
7.799411416053771973e-01
6.902762651443481445e-01
6.011646986007690430e-01
5.341713428497314453e-01
4.438496828079223633e-01
3.546209633350372314e-01
2.869802117347717285e-01
1.984914392232894897e-01
1.316590160131454468e-01
6.532148271799087524e-02
0.000000000000000000e+00
0.000000000000000000e+00
0.000000000000000000e+00
0.000000000000000000e+00
0.000000000000000000e+00
0.000000000000000000e+00
0.000000000000000000e+00
0.000000000000000000e+00
0.000000000000000000e+00
0.000000000000000000e+00
0.000000000000000000e+00
0.000000000000000000e+00
0.000000000000000000e+00
0.000000000000000000e+00
0.000000000000000000e+00
0.000000000000000000e+00
0.000000000000000000e+00
0.000000000000000000e+00
0.000000000000000000e+00
0.000000000000000000e+00
0.000000000000000000e+00
0.000000000000000000e+00
0.000000000000000000e+00
0.000000000000000000e+00
0.000000000000000000e+00
0.000000000000000000e+00
0.000000000000000000e+00
0.000000000000000000e+00
0.000000000000000000e+00
0.000000000000000000e+00
0.000000000000000000e+00
0.000000000000000000e+00
0.000000000000000000e+00
0.000000000000000000e+00
0.000000000000000000e+00
0.000000000000000000e+00
0.000000000000000000e+00
0.000000000000000000e+00
0.000000000000000000e+00
0.000000000000000000e+00
0.000000000000000000e+00
0.000000000000000000e+00
0.000000000000000000e+00
0.000000000000000000e+00
0.000000000000000000e+00
0.000000000000000000e+00
0.000000000000000000e+00
0.000000000000000000e+00
0.000000000000000000e+00
0.000000000000000000e+00
0.000000000000000000e+00
0.000000000000000000e+00
0.000000000000000000e+00
0.000000000000000000e+00
0.000000000000000000e+00
0.000000000000000000e+00
0.000000000000000000e+00
0.000000000000000000e+00
0.000000000000000000e+00
0.000000000000000000e+00
0.000000000000000000e+00
0.000000000000000000e+00
5.724199116230010986e-02
1.198243945837020874e-01
2.040513753890991211e-01
2.671963572502136230e-01
3.516077995300292969e-01
4.150655567646026611e-01
4.992747604846954346e-01
5.832797884941101074e-01
6.458874344825744629e-01
7.285036444664001465e-01
8.103263974189758301e-01
8.709349632263183594e-01
9.305225610733032227e-01
1.009069561958312988e+00
1.066787123680114746e+00
1.142325520515441895e+00
1.215885400772094727e+00
1.269564628601074219e+00
1.339247465133666992e+00
1.389843583106994629e+00
1.455082654953002930e+00
1.502270698547363281e+00
1.562654614448547363e+00
1.620082497596740723e+00
1.661103725433349609e+00
1.712963461875915527e+00
1.749680757522583008e+00
1.784477591514587402e+00
1.827754616737365723e+00
1.867397785186767578e+00
1.894744157791137695e+00
1.927814960479736328e+00
1.957012057304382324e+00
1.976414203643798828e+00
1.993590831756591797e+00
2.012841701507568359e+00
2.028140544891357422e+00
2.036834478378295898e+00
2.044954776763916016e+00
2.048792839050292969e+00
2.048943996429443359e+00
2.045685768127441406e+00
2.040583372116088867e+00
2.033175230026245117e+00
2.019449234008789062e+00
2.001646518707275391e+00
1.985874772071838379e+00
1.961062192916870117e+00
1.932319521903991699e+00
1.908750772476196289e+00
1.882536530494689941e+00
1.844324231147766113e+00
1.802768468856811523e+00
1.769062042236328125e+00
1.721424579620361328e+00
1.670148134231567383e+00
1.629579186439514160e+00
1.587955117225646973e+00
1.528937101364135742e+00
1.483158946037292480e+00
1.419251918792724609e+00
1.352759361267089844e+00
1.301691174507141113e+00
1.231082201004028320e+00
1.177144289016723633e+00
1.103384733200073242e+00
1.046553730964660645e+00
9.693364500999450684e-01
8.911092877388000488e-01
8.312478065490722656e-01
7.509406805038452148e-01
6.902259588241577148e-01
6.285837292671203613e-01
5.463727712631225586e-01
4.632304310798645020e-01
4.012530148029327393e-01
3.178692460060119629e-01
2.346246540546417236e-01
1.735410392284393311e-01
9.047675132751464844e-02
2.964133024215698242e-02
0.000000000000000000e+00
0.000000000000000000e+00
0.000000000000000000e+00
0.000000000000000000e+00
0.000000000000000000e+00
0.000000000000000000e+00
0.000000000000000000e+00
0.000000000000000000e+00
0.000000000000000000e+00
0.000000000000000000e+00
0.000000000000000000e+00
