2.383390665054321289e+00
2.029136657714843750e+00
1.562114119529724121e+00
8.905798792839050293e-01
2.683483958244323730e-01
0.000000000000000000e+00
0.000000000000000000e+00
0.000000000000000000e+00
0.000000000000000000e+00
0.000000000000000000e+00
0.000000000000000000e+00
0.000000000000000000e+00
0.000000000000000000e+00
1.369312405586242676e-01
4.243927896022796631e-01
5.159883499145507812e-01
6.337732672691345215e-01
3.589396476745605469e-01
0.000000000000000000e+00
0.000000000000000000e+00
0.000000000000000000e+00
0.000000000000000000e+00
0.000000000000000000e+00
0.000000000000000000e+00
0.000000000000000000e+00
0.000000000000000000e+00
0.000000000000000000e+00
0.000000000000000000e+00
0.000000000000000000e+00
0.000000000000000000e+00
3.253977596759796143e-01
4.876599013805389404e-01
3.706329762935638428e-01
1.988195478916168213e-01
0.000000000000000000e+00
0.000000000000000000e+00
0.000000000000000000e+00
0.000000000000000000e+00
0.000000000000000000e+00
0.000000000000000000e+00
0.000000000000000000e+00
0.000000000000000000e+00
0.000000000000000000e+00
3.827711641788482666e-01
9.969491362571716309e-01
1.516316294670104980e+00
1.932144880294799805e+00
2.280700922012329102e+00
2.461847543716430664e+00
2.245923042297363281e+00
1.974923372268676758e+00
1.637295246124267578e+00
1.246506690979003906e+00
8.963955044746398926e-01
6.083768606185913086e-01
5.798991918563842773e-01
8.216623067855834961e-01
1.371781349182128906e+00
2.020908355712890625e+00
2.971352577209472656e+00
4.062097549438476562e+00
4.731841087341308594e+00
5.223154067993164062e+00
5.427081108093261719e+00
5.307558536529541016e+00
4.836320877075195312e+00
3.996802330017089844e+00
3.112025022506713867e+00
2.514222145080566406e+00
2.040693759918212891e+00
1.850281000137329102e+00
2.146655082702636719e+00
2.958459377288818359e+00
4.042167186737060547e+00
5.045344352722167969e+00
6.161920547485351562e+00
6.874135971069335938e+00
7.187048435211181641e+00
7.024768829345703125e+00
6.232128620147705078e+00
5.299747943878173828e+00
4.299598217010498047e+00
3.207733869552612305e+00
2.419614791870117188e+00
2.118253469467163086e+00
2.246845006942749023e+00
2.693735837936401367e+00
3.417190074920654297e+00
4.440985202789306641e+00
5.447576999664306641e+00
6.184988498687744141e+00
6.502489566802978516e+00
6.374142646789550781e+00
5.779881000518798828e+00
4.975492954254150391e+00
3.842275381088256836e+00
2.746183156967163086e+00
1.879491329193115234e+00
1.236886978149414062e+00
9.145277738571166992e-01
9.627959132194519043e-01
1.502465009689331055e+00
2.152172803878784180e+00
2.764024734497070312e+00
3.643159389495849609e+00
3.966455936431884766e+00
4.185150623321533203e+00
4.058984756469726562e+00
3.445863246917724609e+00
2.597495079040527344e+00
1.587285757064819336e+00
5.046099424362182617e-01
0.000000000000000000e+00
0.000000000000000000e+00
0.000000000000000000e+00
0.000000000000000000e+00
0.000000000000000000e+00
1.137017309665679932e-01
7.809656858444213867e-01
1.512014627456665039e+00
1.899109244346618652e+00
1.994239687919616699e+00
1.680392742156982422e+00
1.131978034973144531e+00
1.384215354919433594e-01
0.000000000000000000e+00
0.000000000000000000e+00
0.000000000000000000e+00
0.000000000000000000e+00
0.000000000000000000e+00
0.000000000000000000e+00
0.000000000000000000e+00
0.000000000000000000e+00
7.707439363002777100e-02
4.475170671939849854e-01
4.822548925876617432e-01
2.543697059154510498e-01
0.000000000000000000e+00
0.000000000000000000e+00
0.000000000000000000e+00
0.000000000000000000e+00
0.000000000000000000e+00
0.000000000000000000e+00
0.000000000000000000e+00
0.000000000000000000e+00
0.000000000000000000e+00
0.000000000000000000e+00
0.000000000000000000e+00
0.000000000000000000e+00
0.000000000000000000e+00
0.000000000000000000e+00
0.000000000000000000e+00
0.000000000000000000e+00
0.000000000000000000e+00
0.000000000000000000e+00
0.000000000000000000e+00
0.000000000000000000e+00
0.000000000000000000e+00
0.000000000000000000e+00
0.000000000000000000e+00
0.000000000000000000e+00
0.000000000000000000e+00
0.000000000000000000e+00
0.000000000000000000e+00
0.000000000000000000e+00
0.000000000000000000e+00
0.000000000000000000e+00
8.669045567512512207e-02
7.413569092750549316e-01
1.205236434936523438e+00
1.588018774986267090e+00
1.579946994781494141e+00
1.217893123626708984e+00
5.509710907936096191e-01
0.000000000000000000e+00
0.000000000000000000e+00
0.000000000000000000e+00
0.000000000000000000e+00
0.000000000000000000e+00
2.519165575504302979e-01
9.743278622627258301e-01
1.964607238769531250e+00
2.594267129898071289e+00
2.904995918273925781e+00
2.628101348876953125e+00
2.089444875717163086e+00
1.272928476333618164e+00
5.304198861122131348e-01
0.000000000000000000e+00
0.000000000000000000e+00
0.000000000000000000e+00
0.000000000000000000e+00
9.039415121078491211e-01
1.670753359794616699e+00
2.580618143081665039e+00
3.138169050216674805e+00
3.182890653610229492e+00
3.017172574996948242e+00
2.286353826522827148e+00
1.429204940795898438e+00
9.004319310188293457e-01
2.655668556690216064e-01
2.372554689645767212e-01
5.240823626518249512e-01
1.025488018989562988e+00
1.762959837913513184e+00
2.398524999618530273e+00
2.998017549514770508e+00
3.171059846878051758e+00
3.046446323394775391e+00
2.658216476440429688e+00
2.035422801971435547e+00
1.390630841255187988e+00
1.083750844001770020e+00
8.262702822685241699e-01
1.054329395294189453e+00
1.391190290451049805e+00
1.882194876670837402e+00
2.611639022827148438e+00
3.061340093612670898e+00
3.266556501388549805e+00
3.343807935714721680e+00
2.963666915893554688e+00
2.448799848556518555e+00
2.013562440872192383e+00
1.633651852607727051e+00
1.391876459121704102e+00
1.502205848693847656e+00
1.655580878257751465e+00
2.207407951354980469e+00
2.495120525360107422e+00
2.944982290267944336e+00
3.174179077148437500e+00
3.068397045135498047e+00
2.930954217910766602e+00
2.830867052078247070e+00
2.407023191452026367e+00
2.098960638046264648e+00
1.915455698966979980e+00
1.916903018951416016e+00
2.070775985717773438e+00
2.228354215621948242e+00
2.302175760269165039e+00
2.428936719894409180e+00
2.432315587997436523e+00
2.478925943374633789e+00
2.222561120986938477e+00
2.089382171630859375e+00
2.046915531158447266e+00
2.133745431900024414e+00
2.253426313400268555e+00
2.350696563720703125e+00
2.485048294067382812e+00
2.596585273742675781e+00
2.514512062072753906e+00
2.102167367935180664e+00
1.803057670593261719e+00
1.220229148864746094e+00
8.313090205192565918e-01
5.565153956413269043e-01
5.201852917671203613e-01
7.849856019020080566e-01
1.263667225837707520e+00
1.747889518737792969e+00
2.390858650207519531e+00
2.683475732803344727e+00
2.663634777069091797e+00
2.485234498977661133e+00
1.772039651870727539e+00
8.553567528724670410e-01
0.000000000000000000e+00
0.000000000000000000e+00
0.000000000000000000e+00
0.000000000000000000e+00
0.000000000000000000e+00
7.715505780652165413e-04
8.016467690467834473e-01
1.486365079879760742e+00
2.163552045822143555e+00
2.249667644500732422e+00
1.898904800415039062e+00
1.061255574226379395e+00
1.743094623088836670e-01
0.000000000000000000e+00
0.000000000000000000e+00
0.000000000000000000e+00
0.000000000000000000e+00
0.000000000000000000e+00
0.000000000000000000e+00
0.000000000000000000e+00
4.336325824260711670e-01
1.093678355216979980e+00
1.293213844299316406e+00
1.285906314849853516e+00
7.624664306640625000e-01
8.312822878360748291e-02
0.000000000000000000e+00
0.000000000000000000e+00
0.000000000000000000e+00
0.000000000000000000e+00
0.000000000000000000e+00
0.000000000000000000e+00
0.000000000000000000e+00
0.000000000000000000e+00
3.098146915435791016e-01
6.974380612373352051e-01
8.535253405570983887e-01
9.306163191795349121e-01
9.852908253669738770e-01
7.262572646141052246e-01
4.061680138111114502e-01
1.671065986156463623e-01
0.000000000000000000e+00
0.000000000000000000e+00
0.000000000000000000e+00
0.000000000000000000e+00
0.000000000000000000e+00
1.035542711615562439e-01
5.770583152770996094e-01
1.102083802223205566e+00
1.871738314628601074e+00
2.378362178802490234e+00
2.730150699615478516e+00
2.945127725601196289e+00
2.677150249481201172e+00
2.427513837814331055e+00
1.724558353424072266e+00
1.000695466995239258e+00
6.350750327110290527e-01
2.676905393600463867e-01
5.149413943290710449e-01
1.192525744438171387e+00
2.033550739288330078e+00
3.242291688919067383e+00
4.301860332489013672e+00
5.017195224761962891e+00
5.360458374023437500e+00
5.076319694519042969e+00
4.473707675933837891e+00
3.242718458175659180e+00
2.117348909378051758e+00
1.363818764686584473e+00
7.275414466857910156e-01
9.645377397537231445e-01
1.676533937454223633e+00
2.947026252746582031e+00
4.653359413146972656e+00
6.048668861389160156e+00
6.816417217254638672e+00
7.074100971221923828e+00
6.519161701202392578e+00
5.493307113647460938e+00
4.013926506042480469e+00
2.263556480407714844e+00
1.284848332405090332e+00
7.607318758964538574e-01
1.028392434120178223e+00
2.071005821228027344e+00
3.571606397628784180e+00
5.327966213226318359e+00
6.929083347320556641e+00
7.603858947753906250e+00
7.720963954925537109e+00
6.778705120086669922e+00
5.528186321258544922e+00
3.616731643676757812e+00
1.862002968788146973e+00
8.275426030158996582e-01
3.338020443916320801e-01
7.473523020744323730e-01
1.800097107887268066e+00
3.479130029678344727e+00
5.247340202331542969e+00
6.342492103576660156e+00
7.119925498962402344e+00
7.011967658996582031e+00
6.052759647369384766e+00
4.679222106933593750e+00
2.948212623596191406e+00
1.481267690658569336e+00
6.451517939567565918e-01
2.498263567686080933e-01
7.948825955390930176e-01
1.665617942810058594e+00
3.183588743209838867e+00
4.376734733581542969e+00
5.135494709014892578e+00
5.601619243621826172e+00
5.197796821594238281e+00
4.420118331909179688e+00
3.413702249526977539e+00
2.106857776641845703e+00
1.216389060020446777e+00
7.567496895790100098e-01
9.219332337379455566e-01
1.469731330871582031e+00
2.072792530059814453e+00
2.926584959030151367e+00
3.528961896896362305e+00
3.792256832122802734e+00
3.710730791091918945e+00
3.102985858917236328e+00
2.471581935882568359e+00
1.819072484970092773e+00
1.451208353042602539e+00
1.326976299285888672e+00
1.473963022232055664e+00
1.989393115043640137e+00
2.744466066360473633e+00
3.110464811325073242e+00
3.316212177276611328e+00
3.161180734634399414e+00
2.698303461074829102e+00
1.896043658256530762e+00
1.098881006240844727e+00
6.231804490089416504e-01
3.724345564842224121e-01
4.247066080570220947e-01
9.631700515747070312e-01
1.927679657936096191e+00
2.825517892837524414e+00
3.547925233840942383e+00
3.763677835464477539e+00
3.620447158813476562e+00
2.894069910049438477e+00
2.029785394668579102e+00
8.872988820075988770e-01
0.000000000000000000e+00
0.000000000000000000e+00
0.000000000000000000e+00
0.000000000000000000e+00
2.428552508354187012e-01
1.245156168937683105e+00
2.348148107528686523e+00
3.042145729064941406e+00
3.261124372482299805e+00
3.031244754791259766e+00
2.239777088165283203e+00
1.365313649177551270e+00
2.155678123235702515e-01
0.000000000000000000e+00
0.000000000000000000e+00
0.000000000000000000e+00
0.000000000000000000e+00
0.000000000000000000e+00
2.741039991378784180e-01
9.472940564155578613e-01
1.320278286933898926e+00
1.775774955749511719e+00
1.448528528213500977e+00
1.005871534347534180e+00
4.828868806362152100e-01
0.000000000000000000e+00
0.000000000000000000e+00
0.000000000000000000e+00
0.000000000000000000e+00
0.000000000000000000e+00
0.000000000000000000e+00
0.000000000000000000e+00
0.000000000000000000e+00
0.000000000000000000e+00
0.000000000000000000e+00
0.000000000000000000e+00
0.000000000000000000e+00
0.000000000000000000e+00
0.000000000000000000e+00
0.000000000000000000e+00
0.000000000000000000e+00
0.000000000000000000e+00
0.000000000000000000e+00
0.000000000000000000e+00
0.000000000000000000e+00
0.000000000000000000e+00
0.000000000000000000e+00
2.678291127085685730e-02
6.313071399927139282e-02
0.000000000000000000e+00
0.000000000000000000e+00
0.000000000000000000e+00
0.000000000000000000e+00
0.000000000000000000e+00
0.000000000000000000e+00
0.000000000000000000e+00
3.607650399208068848e-01
8.189456462860107422e-01
1.582286000251770020e+00
2.000480651855468750e+00
2.574930906295776367e+00
2.962423563003540039e+00
2.934128522872924805e+00
2.687636613845825195e+00
2.061917781829833984e+00
1.432603836059570312e+00
7.208274602890014648e-01
3.721279501914978027e-01
5.202627778053283691e-01
1.175354123115539551e+00
2.352064609527587891e+00
4.020535469055175781e+00
5.516702651977539062e+00
7.133207798004150391e+00
8.213089942932128906e+00
8.336060523986816406e+00
7.539133548736572266e+00
6.094433307647705078e+00
4.466842174530029297e+00
2.602556943893432617e+00
1.128965139389038086e+00
6.225916743278503418e-01
1.247458100318908691e+00
3.202237844467163086e+00
5.985131263732910156e+00
8.665939331054687500e+00
1.144746112823486328e+01
1.343299484252929688e+01
1.404404544830322266e+01
1.323751354217529297e+01
1.088396644592285156e+01
8.351747512817382812e+00
4.917220592498779297e+00
2.081383228302001953e+00
8.227785229682922363e-01
8.585661053657531738e-01
2.728263139724731445e+00
6.089295864105224609e+00
9.301656723022460938e+00
1.327512264251708984e+01
1.634615325927734375e+01
1.735223960876464844e+01
1.683619880676269531e+01
1.435769844055175781e+01
1.130418777465820312e+01
7.096441268920898438e+00
3.266835451126098633e+00
1.097687482833862305e+00
1.444637477397918701e-01
1.345833897590637207e+00
3.646274805068969727e+00
7.654339313507080078e+00
1.182175350189208984e+01
1.505715847015380859e+01
1.657871818542480469e+01
1.664317321777343750e+01
1.465273475646972656e+01
1.197174453735351562e+01
7.810185432434082031e+00
3.706551074981689453e+00
1.145690202713012695e+00
0.000000000000000000e+00
0.000000000000000000e+00
1.373915314674377441e+00
4.287126541137695312e+00
7.666149139404296875e+00
1.061432075500488281e+01
1.215834331512451172e+01
1.260611438751220703e+01
1.149660778045654297e+01
9.418686866760253906e+00
6.392423152923583984e+00
3.294806957244873047e+00
1.104177951812744141e+00
0.000000000000000000e+00
0.000000000000000000e+00
0.000000000000000000e+00
1.231219410896301270e+00
3.336325645446777344e+00
4.771481037139892578e+00
6.234695911407470703e+00
6.656306266784667969e+00
6.102793216705322266e+00
5.201987743377685547e+00
3.436583280563354492e+00
1.539847016334533691e+00
2.540329098701477051e-01
0.000000000000000000e+00
0.000000000000000000e+00
0.000000000000000000e+00
0.000000000000000000e+00
1.879234611988067627e-01
8.148776888847351074e-01
1.435964465141296387e+00
1.701656818389892578e+00
1.523998022079467773e+00
1.027064323425292969e+00
4.721258282661437988e-01
0.000000000000000000e+00
0.000000000000000000e+00
0.000000000000000000e+00
0.000000000000000000e+00
0.000000000000000000e+00
0.000000000000000000e+00
0.000000000000000000e+00
0.000000000000000000e+00
0.000000000000000000e+00
0.000000000000000000e+00
0.000000000000000000e+00
0.000000000000000000e+00
0.000000000000000000e+00
0.000000000000000000e+00
0.000000000000000000e+00
0.000000000000000000e+00
0.000000000000000000e+00
0.000000000000000000e+00
0.000000000000000000e+00
0.000000000000000000e+00
0.000000000000000000e+00
0.000000000000000000e+00
0.000000000000000000e+00
1.151805371046066284e-01
0.000000000000000000e+00
0.000000000000000000e+00
0.000000000000000000e+00
0.000000000000000000e+00
0.000000000000000000e+00
0.000000000000000000e+00
0.000000000000000000e+00
0.000000000000000000e+00
0.000000000000000000e+00
4.617710113525390625e-01
1.146747708320617676e+00
1.783474087715148926e+00
1.861345291137695312e+00
2.001917123794555664e+00
1.674748420715332031e+00
1.208397388458251953e+00
2.427274435758590698e-01
0.000000000000000000e+00
0.000000000000000000e+00
0.000000000000000000e+00
0.000000000000000000e+00
1.394002884626388550e-01
1.016098976135253906e+00
2.226268768310546875e+00
3.119915962219238281e+00
3.640696287155151367e+00
3.788853168487548828e+00
3.175910472869873047e+00
2.476873874664306641e+00
1.422000288963317871e+00
3.715832829475402832e-01
0.000000000000000000e+00
0.000000000000000000e+00
0.000000000000000000e+00
4.713027775287628174e-01
1.350500702857971191e+00
2.494316816329956055e+00
3.480595827102661133e+00
3.895189762115478516e+00
3.967885255813598633e+00
3.549077749252319336e+00
2.861290693283081055e+00
1.830047607421875000e+00
9.163860082626342773e-01
3.699381351470947266e-01
1.708731353282928467e-01
5.249448418617248535e-01
1.098347306251525879e+00
1.837365865707397461e+00
2.563805818557739258e+00
3.104483366012573242e+00
3.144534587860107422e+00
2.942765951156616211e+00
2.335553884506225586e+00
1.849432110786437988e+00
1.281599402427673340e+00
9.519222974777221680e-01
1.074807643890380859e+00
1.378581285476684570e+00
2.012719154357910156e+00
2.498341321945190430e+00
2.937896728515625000e+00
3.148637294769287109e+00
2.869197368621826172e+00
2.249674320220947266e+00
1.390192866325378418e+00
5.737463831901550293e-01
1.378120481967926025e-01
1.480532288551330566e-01
5.800360441207885742e-01
1.236398696899414062e+00
2.294169902801513672e+00
3.362936019897460938e+00
3.987380981445312500e+00
4.207730770111083984e+00
3.783884286880493164e+00
2.920299053192138672e+00
1.789626240730285645e+00
3.894181549549102783e-01
0.000000000000000000e+00
0.000000000000000000e+00
0.000000000000000000e+00
6.540755927562713623e-02
1.196523547172546387e+00
2.872639894485473633e+00
4.147852420806884766e+00
4.856967449188232422e+00
5.067282199859619141e+00
4.282967090606689453e+00
3.255053043365478516e+00
1.635478377342224121e+00
0.000000000000000000e+00
0.000000000000000000e+00
0.000000000000000000e+00
0.000000000000000000e+00
0.000000000000000000e+00
9.885107874870300293e-01
2.759995460510253906e+00
4.065766334533691406e+00
4.668660640716552734e+00
4.675299644470214844e+00
3.979329586029052734e+00
2.879986763000488281e+00
1.389431834220886230e+00
0.000000000000000000e+00
0.000000000000000000e+00
0.000000000000000000e+00
0.000000000000000000e+00
0.000000000000000000e+00
1.021263718605041504e+00
2.312049150466918945e+00
3.265521764755249023e+00
3.504491090774536133e+00
3.385137081146240234e+00
2.701578378677368164e+00
1.796969532966613770e+00
7.518433928489685059e-01
0.000000000000000000e+00
0.000000000000000000e+00
0.000000000000000000e+00
0.000000000000000000e+00
0.000000000000000000e+00
6.129282712936401367e-01
1.336521387100219727e+00
1.842216968536376953e+00
2.054348230361938477e+00
1.831375122070312500e+00
1.154879331588745117e+00
5.548423528671264648e-01
0.000000000000000000e+00
0.000000000000000000e+00
0.000000000000000000e+00
0.000000000000000000e+00
0.000000000000000000e+00
0.000000000000000000e+00
0.000000000000000000e+00
3.358959257602691650e-01
5.240871906280517578e-01
4.583432078361511230e-01
3.206077814102172852e-01
1.120196133852005005e-01
0.000000000000000000e+00
0.000000000000000000e+00
0.000000000000000000e+00
0.000000000000000000e+00
0.000000000000000000e+00
0.000000000000000000e+00
0.000000000000000000e+00
0.000000000000000000e+00
0.000000000000000000e+00
0.000000000000000000e+00
0.000000000000000000e+00
0.000000000000000000e+00
4.874428361654281616e-02
1.659078598022460938e-01
1.325760781764984131e-01
2.968167886137962341e-02
0.000000000000000000e+00
0.000000000000000000e+00
0.000000000000000000e+00
0.000000000000000000e+00
0.000000000000000000e+00
0.000000000000000000e+00
0.000000000000000000e+00
0.000000000000000000e+00
0.000000000000000000e+00
3.909277021884918213e-01
9.055618047714233398e-01
1.354510307312011719e+00
1.427027344703674316e+00
1.147986769676208496e+00
5.884740352630615234e-01
0.000000000000000000e+00
0.000000000000000000e+00
0.000000000000000000e+00
0.000000000000000000e+00
0.000000000000000000e+00
0.000000000000000000e+00
1.170982271432876587e-01
8.587201237678527832e-01
1.743561267852783203e+00
2.214886426925659180e+00
2.504178285598754883e+00
2.304370880126953125e+00
1.700965881347656250e+00
9.501839280128479004e-01
1.215056404471397400e-01
0.000000000000000000e+00
0.000000000000000000e+00
0.000000000000000000e+00
0.000000000000000000e+00
3.404001593589782715e-01
8.716437220573425293e-01
1.761844158172607422e+00
2.392953872680664062e+00
2.624004364013671875e+00
2.504779577255249023e+00
2.108002185821533203e+00
1.470193386077880859e+00
8.896245360374450684e-01
2.045770287513732910e-01
0.000000000000000000e+00
0.000000000000000000e+00
0.000000000000000000e+00
1.670187264680862427e-01
6.340038180351257324e-01
1.146203041076660156e+00
1.471805572509765625e+00
1.487874865531921387e+00
1.638551592826843262e+00
1.376538038253784180e+00
1.185382723808288574e+00
9.461112618446350098e-01
5.483713746070861816e-01
2.957553267478942871e-01
3.292159736156463623e-01
4.604534059762954712e-02
2.021005377173423767e-02
0.000000000000000000e+00
0.000000000000000000e+00
0.000000000000000000e+00
2.328380476683378220e-03
8.215775340795516968e-02
2.377096116542816162e-01
2.594333291053771973e-01
3.379877805709838867e-01
3.395802080631256104e-01
3.700768351554870605e-01
2.293087542057037354e-01
0.000000000000000000e+00
0.000000000000000000e+00
0.000000000000000000e+00
0.000000000000000000e+00
0.000000000000000000e+00
0.000000000000000000e+00
0.000000000000000000e+00
0.000000000000000000e+00
0.000000000000000000e+00
4.393415153026580811e-02
3.557642698287963867e-01
1.979792118072509766e-01
1.319148838520050049e-01
0.000000000000000000e+00
0.000000000000000000e+00
0.000000000000000000e+00
0.000000000000000000e+00
0.000000000000000000e+00
0.000000000000000000e+00
0.000000000000000000e+00
0.000000000000000000e+00
0.000000000000000000e+00
1.512484401464462280e-01
3.781655132770538330e-01
5.625669360160827637e-01
2.243480980396270752e-01
0.000000000000000000e+00
0.000000000000000000e+00
0.000000000000000000e+00
0.000000000000000000e+00
0.000000000000000000e+00
0.000000000000000000e+00
0.000000000000000000e+00
0.000000000000000000e+00
3.490998446941375732e-01
8.093727827072143555e-01
9.730123877525329590e-01
8.727824091911315918e-01
3.516734540462493896e-01
0.000000000000000000e+00
0.000000000000000000e+00
0.000000000000000000e+00
0.000000000000000000e+00
0.000000000000000000e+00
0.000000000000000000e+00
0.000000000000000000e+00
2.755924165248870850e-01
7.829423546791076660e-01
1.085236668586730957e+00
1.141469717025756836e+00
9.723032116889953613e-01
5.483289957046508789e-01
3.767080977559089661e-02
0.000000000000000000e+00
0.000000000000000000e+00
0.000000000000000000e+00
0.000000000000000000e+00
0.000000000000000000e+00
0.000000000000000000e+00
3.311227560043334961e-01
5.532445311546325684e-01
6.160228848457336426e-01
6.601559519767761230e-01
4.142796993255615234e-01
9.282632527174428105e-05
0.000000000000000000e+00
0.000000000000000000e+00
0.000000000000000000e+00
0.000000000000000000e+00
0.000000000000000000e+00
0.000000000000000000e+00
0.000000000000000000e+00
1.322037130594253540e-01
2.470137178897857666e-02
0.000000000000000000e+00
0.000000000000000000e+00
0.000000000000000000e+00
0.000000000000000000e+00
0.000000000000000000e+00
0.000000000000000000e+00
0.000000000000000000e+00
0.000000000000000000e+00
9.712052345275878906e-02
4.127277433872222900e-01
5.222838521003723145e-01
2.430119365453720093e-01
0.000000000000000000e+00
0.000000000000000000e+00
0.000000000000000000e+00
0.000000000000000000e+00
0.000000000000000000e+00
0.000000000000000000e+00
0.000000000000000000e+00
0.000000000000000000e+00
0.000000000000000000e+00
4.817870557308197021e-01
1.082862496376037598e+00
1.363585114479064941e+00
1.308689713478088379e+00
7.994789481163024902e-01
0.000000000000000000e+00
0.000000000000000000e+00
0.000000000000000000e+00
0.000000000000000000e+00
0.000000000000000000e+00
0.000000000000000000e+00
0.000000000000000000e+00
0.000000000000000000e+00
5.467659235000610352e-01
1.689327955245971680e+00
2.465654850006103516e+00
2.778028964996337891e+00
2.661706447601318359e+00
1.998825907707214355e+00
1.158907651901245117e+00
1.055512279272079468e-01
0.000000000000000000e+00
0.000000000000000000e+00
0.000000000000000000e+00
0.000000000000000000e+00
0.000000000000000000e+00
5.411111116409301758e-01
1.817556977272033691e+00
3.066331148147583008e+00
3.835638761520385742e+00
4.355052471160888672e+00
4.310643196105957031e+00
3.874351978302001953e+00
2.905992269515991211e+00
1.721086740493774414e+00
8.668600916862487793e-01
0.000000000000000000e+00
0.000000000000000000e+00
0.000000000000000000e+00
1.574598997831344604e-01
1.351464986801147461e+00
2.694531679153442383e+00
3.658252716064453125e+00
4.674051284790039062e+00
5.213045120239257812e+00
5.239367008209228516e+00
4.990335464477539062e+00
3.992020368576049805e+00
3.105672359466552734e+00
1.929992079734802246e+00
9.662018418312072754e-01
5.479014515876770020e-01
2.960408627986907959e-01
6.807705163955688477e-01
1.426045894622802734e+00
2.172803401947021484e+00
3.117103576660156250e+00
4.051472187042236328e+00
4.529344081878662109e+00
4.673262596130371094e+00
4.315900325775146484e+00
3.783655405044555664e+00
2.901162147521972656e+00
2.008511781692504883e+00
1.258650898933410645e+00
5.858528017997741699e-01
1.973099857568740845e-01
1.606653332710266113e-01
3.983303308486938477e-01
8.964605927467346191e-01
1.337421298027038574e+00
1.763134837150573730e+00
2.206304073333740234e+00
2.424656391143798828e+00
2.483905076980590820e+00
