0.000000000000000000e+00
0.000000000000000000e+00
0.000000000000000000e+00
0.000000000000000000e+00
0.000000000000000000e+00
0.000000000000000000e+00
0.000000000000000000e+00
0.000000000000000000e+00
0.000000000000000000e+00
0.000000000000000000e+00
0.000000000000000000e+00
0.000000000000000000e+00
0.000000000000000000e+00
0.000000000000000000e+00
0.000000000000000000e+00
0.000000000000000000e+00
0.000000000000000000e+00
0.000000000000000000e+00
0.000000000000000000e+00
0.000000000000000000e+00
0.000000000000000000e+00
0.000000000000000000e+00
0.000000000000000000e+00
0.000000000000000000e+00
0.000000000000000000e+00
0.000000000000000000e+00
0.000000000000000000e+00
0.000000000000000000e+00
0.000000000000000000e+00
0.000000000000000000e+00
0.000000000000000000e+00
0.000000000000000000e+00
0.000000000000000000e+00
6.930538266897201538e-02
2.337038516998291016e-01
4.006555080413818359e-01
6.014065146446228027e-01
7.718678712844848633e-01
9.429740309715270996e-01
1.146108388900756836e+00
1.316485047340393066e+00
1.485576510429382324e+00
1.683698654174804688e+00
1.847857356071472168e+00
2.008854627609252930e+00
2.166126728057861328e+00
2.346831083297729492e+00
2.495935678482055664e+00
2.637673616409301758e+00
2.797520637512207031e+00
2.925615787506103516e+00
3.046801805496215820e+00
3.180081129074096680e+00
3.284638881683349609e+00
3.381071090698242188e+00
3.483119249343872070e+00
3.560584306716918945e+00
3.629021644592285156e+00
3.688220739364624023e+00
3.752251863479614258e+00
3.788609266281127930e+00
3.815276145935058594e+00
3.832200288772583008e+00
3.836995840072631836e+00
3.834674358367919922e+00
3.820495128631591797e+00
3.788190364837646484e+00
3.753149032592773438e+00
3.708899259567260742e+00
3.641226053237915039e+00
3.577512502670288086e+00
3.505401611328125000e+00
3.405472040176391602e+00
3.316049337387084961e+00
3.219364643096923828e+00
3.115833997726440430e+00
2.980364799499511719e+00
2.863347291946411133e+00
2.740978479385375977e+00
2.587319850921630859e+00
2.455007553100585938e+00
2.319046974182128906e+00
2.148983478546142578e+00
2.006989717483520508e+00
1.863193273544311523e+00
1.686172246932983398e+00
1.540498971939086914e+00
1.394939780235290527e+00
1.220774173736572266e+00
1.046200633049011230e+00
9.055004715919494629e-01
7.675305008888244629e-01
6.033874154090881348e-01
4.734188318252563477e-01
3.479713797569274902e-01
2.300846874713897705e-01
8.996879309415817261e-02
0.000000000000000000e+00
0.000000000000000000e+00
0.000000000000000000e+00
0.000000000000000000e+00
0.000000000000000000e+00
0.000000000000000000e+00
0.000000000000000000e+00
0.000000000000000000e+00
0.000000000000000000e+00
0.000000000000000000e+00
0.000000000000000000e+00
0.000000000000000000e+00
0.000000000000000000e+00
0.000000000000000000e+00
0.000000000000000000e+00
0.000000000000000000e+00
0.000000000000000000e+00
0.000000000000000000e+00
0.000000000000000000e+00
0.000000000000000000e+00
0.000000000000000000e+00
0.000000000000000000e+00
0.000000000000000000e+00
3.690718486905097961e-02
1.558280736207962036e-01
3.050458729267120361e-01
4.395423233509063721e-01
5.804176926612854004e-01
7.271993160247802734e-01
9.073064923286437988e-01
1.067918658256530762e+00
1.230177164077758789e+00
1.426596641540527344e+00
1.596248030662536621e+00
1.768337249755859375e+00
1.974109888076782227e+00
2.149476766586303711e+00
2.325371503829956055e+00
2.533177375793457031e+00
2.708108186721801758e+00
2.881635904312133789e+00
3.084075927734375000e+00
3.252434015274047852e+00
3.417511463165283203e+00
3.581320047378540039e+00
3.765861749649047852e+00
3.916724681854248047e+00
4.062043666839599609e+00
4.227908611297607422e+00
4.381732463836669922e+00
4.504680633544921875e+00
4.620108127593994141e+00
4.745118618011474609e+00
4.842715740203857422e+00
4.931687355041503906e+00
5.023654937744140625e+00
5.092722892761230469e+00
5.152390956878662109e+00
5.208350658416748047e+00
5.246803760528564453e+00
5.275442600250244141e+00
5.296691894531250000e+00
5.303204536437988281e+00
5.300268173217773438e+00
5.287544250488281250e+00
5.256570816040039062e+00
5.222736358642578125e+00
5.179569244384765625e+00
5.112853527069091797e+00
5.049973011016845703e+00
4.978570938110351562e+00
4.879224777221679688e+00
4.790260791778564453e+00
4.693909645080566406e+00
4.590588092803955078e+00
4.455203056335449219e+00
4.340484619140625000e+00
4.190024852752685547e+00
4.063916683197021484e+00
3.901369810104370117e+00
3.764163255691528320e+00
3.623862266540527344e+00
3.449509859085083008e+00
3.304465770721435547e+00
3.158208847045898438e+00
2.979265213012695312e+00
2.832469701766967773e+00
2.686385631561279297e+00
2.510233879089355469e+00
2.367831707000732422e+00
2.228035449981689453e+00
2.061942577362060547e+00
1.932041883468627930e+00
1.804383993148803711e+00
1.681651115417480469e+00
1.539071798324584961e+00
1.428953170776367188e+00
1.325312018394470215e+00
1.207641482353210449e+00
1.119766354560852051e+00
1.039669156074523926e+00
9.518953561782836914e-01
8.901035785675048828e-01
8.370876908302307129e-01
7.830395698547363281e-01
7.501581311225891113e-01
7.227787375450134277e-01
7.108232378959655762e-01
7.069779634475708008e-01
7.182651758193969727e-01
7.373942136764526367e-01
7.662285566329956055e-01
8.113542795181274414e-01
8.612712025642395020e-01
9.205485582351684570e-01
1.001650571823120117e+00
1.080847620964050293e+00
1.168696880340576172e+00
1.283061265945434570e+00
1.388893842697143555e+00
1.502333641052246094e+00
1.645956158638000488e+00
1.774743914604187012e+00
1.909797430038452148e+00
2.052252054214477539e+00
2.226293802261352539e+00
2.378121852874755859e+00
2.534092664718627930e+00
2.724113941192626953e+00
2.887257337570190430e+00
3.052728891372680664e+00
3.251775264739990234e+00
3.420307636260986328e+00
3.589260339736938477e+00
3.790016889572143555e+00
3.990907907485961914e+00
4.156805038452148438e+00
4.320478916168212891e+00
4.511542797088623047e+00
4.668303966522216797e+00
4.822288036346435547e+00
4.997871398925781250e+00
5.139749526977539062e+00
5.275882720947265625e+00
5.405786037445068359e+00
5.551390647888183594e+00
5.666021347045898438e+00
5.773032665252685547e+00
5.889529228210449219e+00
5.978515625000000000e+00
6.058780193328857422e+00
6.141944885253906250e+00
6.202115535736083984e+00
6.252792358398437500e+00
6.299667835235595703e+00
6.329897403717041016e+00
6.349245071411132812e+00
6.358635425567626953e+00
6.355683326721191406e+00
6.343193531036376953e+00
6.320827960968017578e+00
6.280125141143798828e+00
6.236474037170410156e+00
6.183404922485351562e+00
6.107447624206542969e+00
6.017973423004150391e+00
5.934737205505371094e+00
5.843286514282226562e+00
5.722431182861328125e+00
5.614241600036621094e+00
5.499087810516357422e+00
5.352224826812744141e+00
5.223360538482666016e+00
5.089044094085693359e+00
4.949793338775634766e+00
4.776356697082519531e+00
4.628185749053955078e+00
4.476847171783447266e+00
4.291385173797607422e+00
4.135160446166992188e+00
3.977651834487915039e+00
3.787387609481811523e+00
3.629202842712402344e+00
3.471662282943725586e+00
3.283987283706665039e+00
3.129996299743652344e+00
2.978766679763793945e+00
2.800933122634887695e+00
2.657087564468383789e+00
2.517578363418579102e+00
2.382934093475341797e+00
2.228383541107177734e+00
2.082547903060913086e+00
1.968162298202514648e+00
1.860718011856079102e+00
1.741521358489990234e+00
1.650763630867004395e+00
1.568142652511596680e+00
1.480264067649841309e+00
1.416618943214416504e+00
1.361987829208374023e+00
1.308790326118469238e+00
1.274684309959411621e+00
1.249922037124633789e+00
1.233395934104919434e+00
1.230080127716064453e+00
1.236456990242004395e+00
1.252496838569641113e+00
1.284786939620971680e+00
1.321828126907348633e+00
1.368190765380859375e+00
1.436340093612670898e+00
1.502547740936279297e+00
1.577371597290039062e+00
1.678676247596740723e+00
1.771415472030639648e+00
1.871729493141174316e+00
2.001662969589233398e+00
2.117239952087402344e+00
2.239053726196289062e+00
2.366633176803588867e+00
2.554875850677490234e+00
2.694274663925170898e+00
2.837682723999023438e+00
2.984545707702636719e+00
3.165412664413452148e+00
3.317888259887695312e+00
3.471964120864868164e+00
3.659081220626831055e+00
3.814598798751831055e+00
3.969794988632202148e+00
4.155795097351074219e+00
4.308196067810058594e+00
4.458361625671386719e+00
4.634974002838134766e+00
4.778181552886962891e+00
4.917321205139160156e+00
5.079354763031005859e+00
5.207675933837890625e+00
5.330246448516845703e+00
5.446582794189453125e+00
5.578616619110107422e+00
5.679674625396728516e+00
5.773111820220947266e+00
5.876034259796142578e+00
5.951447486877441406e+00
6.018141746520996094e+00
6.087739467620849609e+00
6.134347438812255859e+00
6.170206546783447266e+00
6.203511238098144531e+00
6.221443176269531250e+00
6.225277900695800781e+00
6.219159126281738281e+00
6.200319290161132812e+00
6.172358036041259766e+00
6.134553909301757812e+00
6.087017536163330078e+00
6.019079685211181641e+00
5.950726032257080078e+00
5.873235702514648438e+00
5.770369529724121094e+00
5.673762321472167969e+00
5.568963050842285156e+00
5.434782028198242188e+00
5.311702728271484375e+00
5.183254241943359375e+00
5.022544384002685547e+00
4.880463123321533203e+00
4.732959270477294922e+00
4.580550670623779297e+00
4.393988132476806641e+00
4.232723236083984375e+00
4.068324565887451172e+00
3.869837045669555664e+00
3.700622081756591797e+00
3.530160665512084961e+00
3.326981067657470703e+00
3.155920267105102539e+00
2.951972484588623047e+00
2.783212900161743164e+00
2.585648536682128906e+00
2.420182943344116211e+00
2.259872913360595703e+00
2.074932575225830078e+00
1.923802256584167480e+00
1.777688264846801758e+00
1.612061142921447754e+00
1.478755712509155273e+00
1.352011084556579590e+00
1.232260227203369141e+00
1.100810170173645020e+00
9.978533387184143066e-01
9.030885696411132812e-01
8.031224608421325684e-01
7.274472713470458984e-01
6.608443856239318848e-01
5.936073064804077148e-01
5.476356148719787598e-01
5.112648010253906250e-01
4.830211102962493896e-01
4.680512249469757080e-01
4.628385901451110840e-01
4.673545360565185547e-01
4.881871640682220459e-01
5.138383507728576660e-01
5.488794445991516113e-01
6.035177111625671387e-01
6.733133792877197266e-01
7.387329936027526855e-01
8.124882578849792480e-01
9.143025279045104980e-01
1.005211949348449707e+00
1.100972652435302734e+00
1.230362176895141602e+00
1.342734932899475098e+00
1.460854530334472656e+00
1.612330436706542969e+00
1.741328835487365723e+00
1.874417304992675781e+00
2.011042118072509766e+00
2.181753396987915039e+00
2.324156761169433594e+00
2.468244552612304688e+00
2.645458698272705078e+00
2.791158914566040039e+00
2.936624765396118164e+00
3.112981796264648438e+00
3.253358364105224609e+00
3.394050836563110352e+00
3.562211036682128906e+00
3.696149110794067383e+00
3.826111078262329102e+00
3.979058742523193359e+00
4.098387718200683594e+00
4.212059974670410156e+00
4.340826511383056641e+00
4.462496757507324219e+00
4.553470611572265625e+00
4.636842727661132812e+00
4.712244033813476562e+00
4.794790267944335938e+00
4.851507186889648438e+00
4.899275302886962891e+00
4.947536468505859375e+00
4.972269058227539062e+00
4.989986419677734375e+00
5.001523494720458984e+00
4.997781753540039062e+00
4.984190464019775391e+00
4.957982063293457031e+00
4.922758579254150391e+00
4.877797603607177734e+00
4.823210239410400391e+00
4.748329162597656250e+00
4.673139572143554688e+00
4.588922023773193359e+00
4.479436874389648438e+00
4.376320362091064453e+00
4.262515544891357422e+00
4.122045040130615234e+00
3.994375467300415039e+00
3.859878778457641602e+00
3.693233013153076172e+00
3.545328855514526367e+00
3.361401796340942383e+00
3.202502489089965820e+00
3.009528160095214844e+00
2.842245817184448242e+00
2.672059535980224609e+00
2.499553442001342773e+00
2.293436527252197266e+00
2.117915630340576172e+00
1.941987395286560059e+00
1.734300374984741211e+00
1.559601664543151855e+00
1.383837580680847168e+00
1.181977987289428711e+00
1.014232993125915527e+00
8.498823642730712891e-01
6.610207557678222656e-01
5.060891509056091309e-01
3.562939167022705078e-01
1.871058344841003418e-01
5.036024749279022217e-02
0.000000000000000000e+00
0.000000000000000000e+00
0.000000000000000000e+00
0.000000000000000000e+00
0.000000000000000000e+00
0.000000000000000000e+00
0.000000000000000000e+00
0.000000000000000000e+00
0.000000000000000000e+00
0.000000000000000000e+00
0.000000000000000000e+00
0.000000000000000000e+00
0.000000000000000000e+00
0.000000000000000000e+00
0.000000000000000000e+00
0.000000000000000000e+00
0.000000000000000000e+00
0.000000000000000000e+00
0.000000000000000000e+00
0.000000000000000000e+00
0.000000000000000000e+00
0.000000000000000000e+00
0.000000000000000000e+00
0.000000000000000000e+00
0.000000000000000000e+00
0.000000000000000000e+00
0.000000000000000000e+00
0.000000000000000000e+00
1.377820372581481934e-01
2.671129107475280762e-01
4.006586074829101562e-01
5.378655195236206055e-01
7.092838287353515625e-01
8.525188565254211426e-01
9.975628852844238281e-01
1.175857901573181152e+00
1.322763562202453613e+00
1.467338919639587402e+00
1.645162820816040039e+00
1.818701863288879395e+00
1.960640072822570801e+00
2.099856138229370117e+00
2.265098333358764648e+00
2.396314859390258789e+00
2.523026704788208008e+00
2.670928478240966797e+00
2.785896301269531250e+00
2.894752502441406250e+00
3.019152164459228516e+00
3.112977266311645508e+00
3.199322700500488281e+00
3.277818918228149414e+00
3.363582134246826172e+00
3.421646833419799805e+00
3.472889661788940430e+00
3.524745702743530273e+00
3.555765390396118164e+00
3.577322959899902344e+00
3.592819690704345703e+00
3.593156814575195312e+00
3.583763360977172852e+00
3.561871767044067383e+00
3.531082868576049805e+00
3.490674495697021484e+00
3.440757513046264648e+00
3.370663881301879883e+00
3.300378322601318359e+00
3.204644918441772461e+00
3.115095615386962891e+00
2.998770236968994141e+00
2.889685630798339844e+00
2.774784803390502930e+00
2.629509687423706055e+00
2.499447107315063477e+00
2.363211393356323242e+00
2.194174051284790039e+00
2.046043395996093750e+00
1.893339395523071289e+00
1.706671476364135742e+00
1.545805573463439941e+00
1.382145762443542480e+00
1.216275215148925781e+00
1.016902804374694824e+00
8.482341766357421875e-01
6.792660355567932129e-01
4.772406518459320068e-01
3.097356855869293213e-01
1.438592672348022461e-01
0.000000000000000000e+00
0.000000000000000000e+00
0.000000000000000000e+00
0.000000000000000000e+00
0.000000000000000000e+00
0.000000000000000000e+00
0.000000000000000000e+00
0.000000000000000000e+00
0.000000000000000000e+00
0.000000000000000000e+00
0.000000000000000000e+00
0.000000000000000000e+00
0.000000000000000000e+00
0.000000000000000000e+00
0.000000000000000000e+00
0.000000000000000000e+00
0.000000000000000000e+00
0.000000000000000000e+00
0.000000000000000000e+00
0.000000000000000000e+00
0.000000000000000000e+00
0.000000000000000000e+00
0.000000000000000000e+00
0.000000000000000000e+00
0.000000000000000000e+00
0.000000000000000000e+00
0.000000000000000000e+00
0.000000000000000000e+00
0.000000000000000000e+00
0.000000000000000000e+00
0.000000000000000000e+00
0.000000000000000000e+00
0.000000000000000000e+00
0.000000000000000000e+00
0.000000000000000000e+00
0.000000000000000000e+00
0.000000000000000000e+00
0.000000000000000000e+00
0.000000000000000000e+00
0.000000000000000000e+00
0.000000000000000000e+00
4.183864593505859375e-02
1.983635276556015015e-01
3.560517430305480957e-01
5.463680624961853027e-01
7.041559219360351562e-01
8.615146279335021973e-01
1.048804163932800293e+00
1.202352762222290039e+00
1.353243589401245117e+00
1.530223488807678223e+00
1.673240184783935547e+00
1.811813354492187500e+00
1.971636772155761719e+00
2.098585367202758789e+00
2.219480752944946289e+00
2.355976581573486328e+00
2.461954355239868164e+00
2.560507059097290039e+00
2.651293039321899414e+00
2.749394893646240234e+00
2.821840763092041016e+00
2.885509729385375977e+00
2.949841737747192383e+00
2.993386030197143555e+00
3.033165216445922852e+00
3.055831193923950195e+00
3.070026159286499023e+00
3.071398019790649414e+00
3.063080310821533203e+00
3.040003776550292969e+00
3.010522365570068359e+00
2.971599340438842773e+00
2.912202596664428711e+00
2.853070497512817383e+00
2.785113334655761719e+00
2.709036827087402344e+00
2.605800628662109375e+00
2.511535644531250000e+00
2.409771203994750977e+00
2.277663469314575195e+00
2.160797834396362305e+00
2.037787675857543945e+00
1.882003784179687500e+00
1.747152924537658691e+00
1.607753872871398926e+00
1.434415221214294434e+00
1.286901593208312988e+00
1.136616110801696777e+00
9.841404557228088379e-01
7.981827259063720703e-01
6.437424421310424805e-01
4.882477521896362305e-01
3.019617497920989990e-01
1.162968724966049194e-01
0.000000000000000000e+00
0.000000000000000000e+00
0.000000000000000000e+00
0.000000000000000000e+00
0.000000000000000000e+00
0.000000000000000000e+00
0.000000000000000000e+00
0.000000000000000000e+00
0.000000000000000000e+00
0.000000000000000000e+00
0.000000000000000000e+00
0.000000000000000000e+00
0.000000000000000000e+00
0.000000000000000000e+00
0.000000000000000000e+00
0.000000000000000000e+00
0.000000000000000000e+00
0.000000000000000000e+00
0.000000000000000000e+00
0.000000000000000000e+00
0.000000000000000000e+00
0.000000000000000000e+00
0.000000000000000000e+00
0.000000000000000000e+00
0.000000000000000000e+00
0.000000000000000000e+00
0.000000000000000000e+00
0.000000000000000000e+00
0.000000000000000000e+00
0.000000000000000000e+00
0.000000000000000000e+00
0.000000000000000000e+00
0.000000000000000000e+00
0.000000000000000000e+00
0.000000000000000000e+00
0.000000000000000000e+00
0.000000000000000000e+00
0.000000000000000000e+00
0.000000000000000000e+00
0.000000000000000000e+00
1.016082614660263062e-01
2.977710664272308350e-01
4.655542671680450439e-01
6.350629925727844238e-01
8.074932098388671875e-01
1.010735630989074707e+00
1.181721687316894531e+00
1.351902842521667480e+00
1.551973462104797363e+00
1.718260288238525391e+00
1.881845712661743164e+00
2.071475505828857422e+00
2.227096319198608398e+00
2.378226518630981445e+00
2.550559043884277344e+00
2.689967632293701172e+00
2.848761558532714844e+00
2.974138259887695312e+00
3.112778186798095703e+00
3.222040891647338867e+00
3.325440645217895508e+00
3.433651924133300781e+00
3.516426086425781250e+00
3.590316057205200195e+00
3.655090332031250000e+00
3.717952013015747070e+00
3.762009859085083008e+00
3.796445846557617188e+00
3.822347879409790039e+00
3.835363149642944336e+00
3.838624000549316406e+00
3.827060461044311523e+00
3.809025287628173828e+00
3.781481027603149414e+00
3.733394145965576172e+00
3.687763452529907227e+00
3.630988121032714844e+00
3.565580129623413086e+00
3.473357677459716797e+00
3.390033245086669922e+00
3.299134731292724609e+00
3.177817583084106445e+00
3.071666479110717773e+00
2.959293603897094727e+00
2.814069032669067383e+00
2.663777112960815430e+00
2.533915042877197266e+00
2.400072574615478516e+00
2.232108592987060547e+00
2.091475486755371094e+00
1.948685884475708008e+00
1.772408246994018555e+00
1.629390954971313477e+00
1.483696341514587402e+00
1.338356256484985352e+00
1.162304997444152832e+00
1.019846916198730469e+00
8.796524405479431152e-01
7.122412919998168945e-01
5.790525078773498535e-01
4.499505460262298584e-01
2.981740832328796387e-01
1.799355894327163696e-01
6.745197623968124390e-02
0.000000000000000000e+00
0.000000000000000000e+00
0.000000000000000000e+00
0.000000000000000000e+00
0.000000000000000000e+00
0.000000000000000000e+00
0.000000000000000000e+00
0.000000000000000000e+00
0.000000000000000000e+00
0.000000000000000000e+00
0.000000000000000000e+00
0.000000000000000000e+00
0.000000000000000000e+00
0.000000000000000000e+00
0.000000000000000000e+00
0.000000000000000000e+00
0.000000000000000000e+00
0.000000000000000000e+00
0.000000000000000000e+00
0.000000000000000000e+00
0.000000000000000000e+00
0.000000000000000000e+00
0.000000000000000000e+00
6.217058375477790833e-02
2.044292986392974854e-01
3.334988057613372803e-01
4.693079888820648193e-01
6.374056935310363770e-01
7.864125370979309082e-01
9.406269192695617676e-01
1.128693222999572754e+00
1.292500257492065430e+00
1.459782958030700684e+00
1.661179542541503906e+00
1.836682796478271484e+00
2.011192083358764648e+00
2.186711311340332031e+00
2.394703388214111328e+00
2.570321798324584961e+00
2.779275417327880859e+00
2.952072858810424805e+00
3.153326988220214844e+00
3.320439338684082031e+00
3.484043836593627930e+00
3.671865224838256836e+00
3.825812101364135742e+00
3.974519252777099609e+00
4.142272949218750000e+00
4.277718544006347656e+00
4.406394481658935547e+00
4.550757884979248047e+00
4.663071155548095703e+00
4.767341613769531250e+00
4.878344535827636719e+00
4.963788509368896484e+00
5.040225028991699219e+00
5.107423305511474609e+00
5.172585487365722656e+00
5.218821048736572266e+00
5.255311489105224609e+00
5.283143997192382812e+00
5.297966003417968750e+00
5.302910327911376953e+00
5.292905330657958984e+00
5.276305198669433594e+00
5.252514362335205078e+00
5.205605030059814453e+00
5.147823333740234375e+00
5.090192794799804688e+00
5.023861408233642578e+00
4.930333614349365234e+00
4.845982551574707031e+00
4.754010200500488281e+00
4.654813766479492188e+00
4.524017810821533203e+00
4.410476684570312500e+00
4.291161060333251953e+00
4.138278961181640625e+00
4.008063316345214844e+00
3.873743057250976562e+00
3.705175876617431641e+00
3.566093921661376953e+00
3.422440290451049805e+00
3.245173454284667969e+00
3.098603725433349609e+00
2.951662302017211914e+00
2.804950952529907227e+00
2.627404212951660156e+00
2.483326673507690430e+00
2.341388702392578125e+00
2.172110080718994141e+00
2.036930322647094727e+00
1.905713796615600586e+00
1.751699447631835938e+00
1.631100058555603027e+00
1.516132473945617676e+00
1.385862946510314941e+00
1.263119101524353027e+00
1.172810316085815430e+00
1.087993860244750977e+00
9.942798018455505371e-01
9.273440837860107422e-01
8.690220117568969727e-01
8.084112405776977539e-01
7.699383497238159180e-01
7.408025264739990234e-01
7.211565375328063965e-01
7.079834938049316406e-01
7.095936536788940430e-01
7.209379076957702637e-01
7.451696395874023438e-01
7.778929471969604492e-01
8.202167153358459473e-01
8.831475377082824707e-01
9.461267590522766113e-01
1.018199920654296875e+00
1.114264965057373047e+00
1.205502152442932129e+00
1.304973602294921875e+00
1.412342905998229980e+00
1.549082398414611816e+00
1.672518849372863770e+00
1.802581429481506348e+00
1.964819788932800293e+00
2.107854604721069336e+00
2.285861015319824219e+00
2.439419269561767578e+00
2.626970767974853516e+00
2.788445711135864258e+00
2.954099893569946289e+00
3.151996850967407227e+00
3.319976091384887695e+00
3.488737106323242188e+00
3.689730405807495117e+00
3.858110666275024414e+00
4.025341510772705078e+00
4.190824985504150391e+00
4.384659767150878906e+00
4.544248580932617188e+00
4.700225830078125000e+00
4.880317211151123047e+00
5.026431560516357422e+00
5.167204380035400391e+00
5.326922416687011719e+00
5.455423355102539062e+00
5.575842380523681641e+00
5.709303855895996094e+00
5.813168525695800781e+00
5.908892631530761719e+00
6.011252403259277344e+00
6.087957382202148438e+00
6.155559539794921875e+00
6.213829040527343750e+00
6.269969463348388672e+00
6.313142776489257812e+00
6.338451385498046875e+00
6.353829383850097656e+00
6.358048439025878906e+00
6.351526737213134766e+00
6.335085868835449219e+00
6.301384449005126953e+00
6.264290809631347656e+00
6.216835498809814453e+00
6.146676063537597656e+00
6.079015731811523438e+00
6.002571582794189453e+00
5.898848056793212891e+00
5.804219245910644531e+00
5.701887130737304688e+00
5.592251300811767578e+00
5.450936794281005859e+00
5.326797962188720703e+00
5.196807384490966797e+00
5.033173084259033203e+00
4.892130374908447266e+00
4.747384548187255859e+00
4.567817687988281250e+00
4.415383815765380859e+00
4.260596275329589844e+00
4.072125434875488281e+00
3.914281129837036133e+00
3.755995750427246094e+00
3.566259622573852539e+00
3.377528667449951172e+00
3.222278356552124023e+00
3.069220066070556641e+00
2.918934583663940430e+00
2.742835044860839844e+00
2.600669145584106445e+00
2.463052988052368164e+00
2.304517984390258789e+00
2.178747177124023438e+00
2.059186935424804688e+00
1.924313306808471680e+00
1.819770336151123047e+00
1.722728133201599121e+00
1.616734623908996582e+00
1.537466526031494141e+00
1.466760635375976562e+00
1.393715262413024902e+00
1.342758178710937500e+00
1.301089763641357422e+00
1.268863558769226074e+00
1.243064045906066895e+00
1.232002377510070801e+00
1.230630397796630859e+00
1.242102861404418945e+00
1.261725664138793945e+00
1.291183114051818848e+00
1.339403867721557617e+00
1.389455556869506836e+00
1.461532473564147949e+00
1.531205177307128906e+00
1.626551508903503418e+00
1.714557170867919922e+00
1.810356974601745605e+00
1.935705065727233887e+00
2.047333240509033203e+00
2.165469169616699219e+00
2.289656639099121094e+00
2.446728467941284180e+00
2.582535982131958008e+00
2.722784996032714844e+00
2.896319627761840820e+00
3.044414997100830078e+00
3.195167064666748047e+00
3.379662036895751953e+00
3.534220457077026367e+00
3.689542293548583984e+00
3.877079248428344727e+00
4.031987667083740234e+00
4.185731887817382812e+00
4.337714672088623047e+00
4.518036842346191406e+00
4.664101600646972656e+00
4.806544780731201172e+00
4.973092555999755859e+00
5.105655670166015625e+00
5.231843471527099609e+00
5.377976417541503906e+00
5.513845443725585938e+00
5.619270324707031250e+00
5.717314243316650391e+00
5.826043605804443359e+00
5.906529903411865234e+00
5.978477954864501953e+00
6.054580211639404297e+00
6.106772899627685547e+00
6.149595260620117188e+00
6.189876556396484375e+00
6.211495876312255859e+00
6.223267078399658203e+00
6.225117206573486328e+00
6.215819358825683594e+00
6.195793151855468750e+00
6.164465427398681641e+00
6.117266654968261719e+00
6.065884113311767578e+00
6.004986763000488281e+00
5.921402931213378906e+00
5.840337753295898438e+00
5.750508308410644531e+00
5.633420944213867188e+00
5.525450706481933594e+00
5.409801483154296875e+00
5.286872863769531250e+00
5.132290840148925781e+00
4.994912624359130859e+00
4.851709842681884766e+00
4.673223495483398438e+00
4.489681243896484375e+00
4.328868865966796875e+00
4.166270732879638672e+00
3.969471216201782227e+00
3.801281213760375977e+00
3.631484985351562500e+00
3.428616046905517578e+00
3.257423639297485352e+00
3.086553812026977539e+00
2.885007381439208984e+00
2.716983079910278320e+00
2.551193475723266602e+00
2.388221025466918945e+00
2.199479103088378906e+00
2.044716835021972656e+00
1.894551515579223633e+00
1.721548914909362793e+00
1.583310723304748535e+00
1.451269268989562988e+00
1.304054141044616699e+00
1.187222123146057129e+00
1.077944517135620117e+00
9.597702026367187500e-01
8.683770298957824707e-01
7.856025695800781250e-01
7.005465030670166016e-01
6.376373767852783203e-01
5.840766429901123047e-01
5.327882170677185059e-01
4.975488781929016113e-01
4.767316579818725586e-01
4.656710326671600342e-01
4.643605351448059082e-01
4.760372638702392578e-01
4.959746897220611572e-01
5.253939032554626465e-01
5.756888389587402344e-01
6.253692507743835449e-01
6.838957667350769043e-01
7.681676149368286133e-01
8.451715707778930664e-01
9.300432801246643066e-01
1.044537782669067383e+00
1.145387887954711914e+00
1.252822399139404297e+00
1.366385340690612793e+00
1.512911200523376465e+00
1.635877490043640137e+00
1.765729665756225586e+00
1.929632306098937988e+00
2.067517280578613281e+00
2.208141088485717773e+00
2.382591962814331055e+00
2.527190446853637695e+00
2.672637701034545898e+00
2.850386381149291992e+00
3.025016069412231445e+00
3.168861389160156250e+00
3.310914993286132812e+00
3.481163263320922852e+00
3.617223024368286133e+00
3.749639987945556641e+00
3.877860307693481445e+00
4.028440952301025391e+00
4.143053531646728516e+00
4.254323005676269531e+00
4.382489204406738281e+00
4.479254245758056641e+00
4.568734169006347656e+00
4.668997287750244141e+00
4.741115093231201172e+00
4.804793834686279297e+00
4.872725963592529297e+00
4.916848659515380859e+00
4.951702117919921875e+00
4.984115600585937500e+00
4.997969150543212891e+00
5.002077579498291016e+00
4.993784904479980469e+00
4.977028846740722656e+00
4.949648857116699219e+00
4.912468433380126953e+00
4.858148097991943359e+00
4.799750804901123047e+00
4.731945991516113281e+00
4.638961315155029297e+00
4.535727024078369141e+00
4.437619686126708984e+00
4.331228256225585938e+00
4.196235179901123047e+00
4.072866916656494141e+00
3.942414522171020508e+00
3.780261278152465820e+00
3.635784149169921875e+00
3.485694885253906250e+00
3.327893972396850586e+00
3.138793945312500000e+00
2.974247217178344727e+00
2.806338787078857422e+00
2.604343652725219727e+00
2.431074142456054688e+00
2.256314277648925781e+00
2.048598289489746094e+00
1.872675776481628418e+00
1.697193026542663574e+00
1.491151213645935059e+00
1.318750023841857910e+00
1.148701786994934082e+00
9.815893769264221191e-01
7.888266444206237793e-01
6.275899410247802734e-01
4.736472070217132568e-01
2.989541292190551758e-01
1.571953445672988892e-01
0.000000000000000000e+00
0.000000000000000000e+00
0.000000000000000000e+00
0.000000000000000000e+00
0.000000000000000000e+00
0.000000000000000000e+00
0.000000000000000000e+00
0.000000000000000000e+00
0.000000000000000000e+00
0.000000000000000000e+00
0.000000000000000000e+00
0.000000000000000000e+00
0.000000000000000000e+00
0.000000000000000000e+00
0.000000000000000000e+00
0.000000000000000000e+00
0.000000000000000000e+00
0.000000000000000000e+00
0.000000000000000000e+00
0.000000000000000000e+00
0.000000000000000000e+00
0.000000000000000000e+00
0.000000000000000000e+00
0.000000000000000000e+00
0.000000000000000000e+00
0.000000000000000000e+00
0.000000000000000000e+00
0.000000000000000000e+00
3.584648296236991882e-02
1.875807791948318481e-01
3.186697661876678467e-01
4.537539184093475342e-01
6.230837106704711914e-01
7.649569511413574219e-01
9.089938402175903320e-01
1.086560726165771484e+00
1.233250498771667480e+00
1.380191802978515625e+00
1.558661818504333496e+00
1.704023361206054688e+00
1.847717285156250000e+00
2.019729852676391602e+00
2.157677650451660156e+00
2.292106151580810547e+00
2.420327186584472656e+00
2.573179721832275391e+00
2.692703247070312500e+00
2.806497812271118164e+00
2.937311410903930664e+00
3.036846160888671875e+00
3.129218339920043945e+00
3.232495546340942383e+00
3.307749032974243164e+00
3.374684810638427734e+00
3.445995330810546875e+00
3.493617296218872070e+00
3.532090187072753906e+00
3.566306114196777344e+00
3.588731765747070312e+00
3.594881296157836914e+00
3.589437007904052734e+00
3.574573516845703125e+00
3.549604892730712891e+00
3.514967679977416992e+00
3.470750331878662109e+00
3.407382726669311523e+00
3.342564105987548828e+00
3.268695354461669922e+00
3.170539617538452148e+00
3.077626228332519531e+00
2.976544141769409180e+00
2.846974849700927734e+00
2.729144573211669922e+00
2.604344367980957031e+00
2.447956562042236328e+00
2.307740688323974609e+00
2.163660764694213867e+00
2.014588356018066406e+00
1.831720829010009766e+00
1.673517107963562012e+00
1.512061834335327148e+00
1.316629648208618164e+00
1.150031924247741699e+00
9.820525646209716797e-01
7.812249064445495605e-01
6.122983098030090332e-01
4.106400609016418457e-01
2.437066882848739624e-01
4.752791672945022583e-02
0.000000000000000000e+00
0.000000000000000000e+00
0.000000000000000000e+00
0.000000000000000000e+00
0.000000000000000000e+00
0.000000000000000000e+00
0.000000000000000000e+00
0.000000000000000000e+00
0.000000000000000000e+00
0.000000000000000000e+00
0.000000000000000000e+00
0.000000000000000000e+00
0.000000000000000000e+00
0.000000000000000000e+00
0.000000000000000000e+00
0.000000000000000000e+00
0.000000000000000000e+00
0.000000000000000000e+00
0.000000000000000000e+00
0.000000000000000000e+00
0.000000000000000000e+00
0.000000000000000000e+00
0.000000000000000000e+00
0.000000000000000000e+00
0.000000000000000000e+00
0.000000000000000000e+00
0.000000000000000000e+00
0.000000000000000000e+00
0.000000000000000000e+00
0.000000000000000000e+00
0.000000000000000000e+00
0.000000000000000000e+00
0.000000000000000000e+00
0.000000000000000000e+00
0.000000000000000000e+00
0.000000000000000000e+00
0.000000000000000000e+00
0.000000000000000000e+00
0.000000000000000000e+00
0.000000000000000000e+00
0.000000000000000000e+00
7.270006090402603149e-02
2.614832222461700439e-01
4.194591641426086426e-01
5.777555108070373535e-01
7.676485776901245117e-01
9.245001673698425293e-01
1.079750061035156250e+00
1.263383865356445312e+00
1.412808895111083984e+00
1.559009671211242676e+00
1.701199412345886230e+00
1.865933537483215332e+00
1.997398614883422852e+00
2.123193502426147461e+00
2.266005277633666992e+00
2.399212121963500977e+00
2.502280950546264648e+00
2.597773075103759766e+00
2.701811075210571289e+00
2.779384613037109375e+00
2.848340511322021484e+00
2.919217348098754883e+00
2.968325614929199219e+00
3.008112192153930664e+00
3.043309688568115234e+00
3.062117099761962891e+00
3.071262121200561523e+00
3.069129467010498047e+00
3.056934118270874023e+00
3.035112142562866211e+00
3.003750562667846680e+00
2.953278541564941406e+00
2.901393651962280273e+00
2.840496063232421875e+00
2.755347728729248047e+00
2.675477027893066406e+00
2.587471723556518555e+00
2.471012115478515625e+00
2.366323471069335938e+00
2.255239486694335938e+00
2.112076997756958008e+00
1.986731886863708496e+00
1.855914115905761719e+00
1.692294478416442871e+00
1.521754503250122070e+00
1.376192212104797363e+00
1.227514505386352539e+00
1.076296567916870117e+00
8.913928270339965820e-01
7.366292476654052734e-01
5.812224745750427246e-01
3.937380015850067139e-01
2.390099763870239258e-01
8.556569367647171021e-02
0.000000000000000000e+00
0.000000000000000000e+00
0.000000000000000000e+00
0.000000000000000000e+00
0.000000000000000000e+00
0.000000000000000000e+00
0.000000000000000000e+00
0.000000000000000000e+00
0.000000000000000000e+00
0.000000000000000000e+00
0.000000000000000000e+00
0.000000000000000000e+00
0.000000000000000000e+00
0.000000000000000000e+00
0.000000000000000000e+00
0.000000000000000000e+00
0.000000000000000000e+00
0.000000000000000000e+00
0.000000000000000000e+00
0.000000000000000000e+00
0.000000000000000000e+00
0.000000000000000000e+00
0.000000000000000000e+00
0.000000000000000000e+00
0.000000000000000000e+00
0.000000000000000000e+00
0.000000000000000000e+00
0.000000000000000000e+00
0.000000000000000000e+00
0.000000000000000000e+00
0.000000000000000000e+00
0.000000000000000000e+00
0.000000000000000000e+00
0.000000000000000000e+00
0.000000000000000000e+00
0.000000000000000000e+00
0.000000000000000000e+00
0.000000000000000000e+00
0.000000000000000000e+00
0.000000000000000000e+00
1.665675491094589233e-01
3.325574994087219238e-01
5.007476806640625000e-01
7.025024890899658203e-01
8.734127283096313477e-01
1.044604897499084473e+00
1.249189615249633789e+00
1.450405836105346680e+00
1.618026733398437500e+00
1.785184502601623535e+00
1.977316737174987793e+00
2.135381460189819336e+00
2.289279699325561523e+00
2.465356349945068359e+00
2.608206510543823242e+00
2.745239496231079102e+00
2.875983476638793945e+00
3.021522998809814453e+00
3.136872291564941406e+00
3.244590759277343750e+00
3.360800266265869141e+00
3.450489521026611328e+00
3.531504392623901367e+00
3.614382028579711914e+00
3.677553176879882812e+00
3.729235887527465820e+00
3.776084423065185547e+00
3.806641101837158203e+00
3.827471971511840820e+00
3.836961030960083008e+00
3.836322784423828125e+00
3.825991630554199219e+00
3.806053876876831055e+00
3.766937494277954102e+00
3.726339817047119141e+00
3.665200233459472656e+00
3.604933738708496094e+00
3.518648862838745117e+00
3.440040588378906250e+00
3.353636741638183594e+00
3.237404108047485352e+00
3.137534141540527344e+00
3.028845071792602539e+00
2.887666225433349609e+00
2.766329288482666016e+00
2.640049934387207031e+00
2.479870319366455078e+00
2.344587087631225586e+00
2.206106185913085938e+00
2.065002202987670898e+00
1.890128850936889648e+00
1.745311021804809570e+00
1.599764466285705566e+00
1.422053933143615723e+00
1.277012825012207031e+00
1.135633230209350586e+00
9.624749422073364258e-01
8.233464956283569336e-01
6.872937679290771484e-01
5.258921980857849121e-01
3.985746502876281738e-01
2.760969400405883789e-01
1.589751988649368286e-01
2.316905930638313293e-02
0.000000000000000000e+00
0.000000000000000000e+00
0.000000000000000000e+00
0.000000000000000000e+00
0.000000000000000000e+00
0.000000000000000000e+00
0.000000000000000000e+00
0.000000000000000000e+00
0.000000000000000000e+00
0.000000000000000000e+00
0.000000000000000000e+00
0.000000000000000000e+00
0.000000000000000000e+00
0.000000000000000000e+00
0.000000000000000000e+00
0.000000000000000000e+00
0.000000000000000000e+00
0.000000000000000000e+00
0.000000000000000000e+00
0.000000000000000000e+00
0.000000000000000000e+00
0.000000000000000000e+00
0.000000000000000000e+00
1.083999946713447571e-01
2.317687124013900757e-01
3.859955668449401855e-01
5.243749022483825684e-01
6.688521504402160645e-01
8.490666747093200684e-01
1.033874511718750000e+00
1.195326566696166992e+00
1.360591173171997070e+00
1.560020923614501953e+00
1.731670498847961426e+00
1.905286431312561035e+00
2.080272674560546875e+00
2.288101673126220703e+00
2.463984727859497070e+00
2.639307737350463867e+00
2.847589254379272461e+00
3.019564390182495117e+00
3.189069509506225586e+00
3.385301828384399414e+00
3.547347545623779297e+00
3.705106973648071289e+00
3.884925127029418945e+00
4.031396389007568359e+00
4.171929836273193359e+00
4.306053638458251953e+00
4.454851627349853516e+00
4.573338031768798828e+00
4.684072017669677734e+00
4.803174972534179688e+00
4.895635604858398438e+00
4.981821060180664062e+00
5.067218780517578125e+00
5.130666255950927734e+00
5.193742752075195312e+00
5.236088275909423828e+00
5.271000385284423828e+00
5.291747093200683594e+00
5.302611351013183594e+00
5.299670219421386719e+00
5.288903713226318359e+00
5.268428802490234375e+00
5.228305339813232422e+00
5.186995506286621094e+00
5.136522293090820312e+00
5.077130794525146484e+00
4.991595745086669922e+00
4.913612365722656250e+00
4.830092906951904297e+00
4.714226245880126953e+00
4.612262248992919922e+00
4.503677845001220703e+00
4.362478733062744141e+00
4.240996837615966797e+00
4.114447593688964844e+00
3.953873157501220703e+00
3.818070173263549805e+00
3.678944826126098633e+00
3.537071704864501953e+00
3.361304283142089844e+00
3.215467691421508789e+00
3.068778038024902344e+00
2.892026424407958984e+00
2.713747262954711914e+00
2.570873260498046875e+00
2.427573204040527344e+00
2.256192922592163086e+00
2.118893146514892578e+00
1.985224723815917969e+00
1.827834129333496094e+00
1.704086065292358398e+00
1.585672020912170410e+00
1.448802947998046875e+00
1.343842148780822754e+00
1.245710134506225586e+00
1.154821515083312988e+00
1.053426384925842285e+00
9.798144698143005371e-01
9.145818352699279785e-01
8.473728895187377930e-01
8.015514612197875977e-01
7.649193406105041504e-01
7.310248017311096191e-01
7.152158617973327637e-01
7.090497612953186035e-01
7.122089266777038574e-01
7.274551391601562500e-01
7.524235248565673828e-01
7.929428219795227051e-01
8.390824198722839355e-01
8.946459889411926270e-01
9.594643712043762207e-01
1.062898874282836914e+00
1.149054169654846191e+00
1.243630647659301758e+00
1.346310496330261230e+00
1.479392766952514648e+00
1.598635435104370117e+00
1.724763989448547363e+00
1.882634043693542480e+00
2.022357463836669922e+00
2.167480707168579102e+00
2.346148967742919922e+00
2.501350402832031250e+00
2.660253524780273438e+00
2.853211641311645508e+00
3.018280267715454102e+00
3.185205936431884766e+00
3.353393554687500000e+00
3.554316282272338867e+00
3.724601507186889648e+00
3.892783880233764648e+00
4.091228961944580078e+00
4.255855083465576172e+00
4.417906284332275391e+00
4.606580257415771484e+00
4.760964393615722656e+00
4.910959720611572266e+00
5.082911014556884766e+00
5.221414089202880859e+00
5.353878974914550781e+00
5.503967285156250000e+00
5.642765045166015625e+00
5.751348972320556641e+00
5.852007865905761719e+00
5.944388866424560547e+00
6.042581081390380859e+00
6.116733551025390625e+00
6.180615425109863281e+00
6.243625640869140625e+00
6.286580562591552734e+00
6.319764614105224609e+00
6.345423221588134766e+00
6.356825351715087891e+00
6.358255386352539062e+00
6.345789909362792969e+00
6.325410842895507812e+00
6.295235633850097656e+00
6.245325088500976562e+00
6.194141387939453125e+00
6.133709430694580078e+00
6.064274311065673828e+00
5.969319343566894531e+00
5.881103515625000000e+00
5.784885406494140625e+00
5.658632278442382812e+00
5.546202182769775391e+00
5.427073001861572266e+00
5.275250434875488281e+00
5.143067836761474609e+00
4.977602481842041016e+00
4.834807395935058594e+00
4.657718658447265625e+00
4.506986618041992188e+00
4.353550434112548828e+00
4.166211128234863281e+00
4.008930206298828125e+00
3.850846767425537109e+00
3.692887067794799805e+00
3.503149509429931641e+00
3.346551656723022461e+00
3.191673755645751953e+00
3.008650779724121094e+00
2.859644651412963867e+00
2.714207172393798828e+00
2.544985771179199219e+00
2.409346103668212891e+00
2.278980731964111328e+00
2.130101442337036133e+00
2.013072967529296875e+00
1.902816414833068848e+00
1.799747705459594727e+00
1.686117768287658691e+00
1.600177645683288574e+00
1.522580027580261230e+00
1.440972208976745605e+00
1.382699608802795410e+00
1.333567023277282715e+00
1.286960124969482422e+00
1.254225254058837891e+00
1.237350702285766602e+00
1.230148196220397949e+00
1.234617471694946289e+00
1.248748064041137695e+00
1.272491216659545898e+00
1.313936591148376465e+00
1.358467459678649902e+00
1.412176728248596191e+00
1.488932728767395020e+00
1.562074661254882812e+00
1.643149137496948242e+00
1.732722997665405273e+00
1.850978493690490723e+00
1.957069158554077148e+00
2.070015430450439453e+00
2.214673995971679688e+00
2.341157913208007812e+00
2.473014593124389648e+00
2.638390064239501953e+00
2.780274152755737305e+00
2.925836324691772461e+00
3.105431079864501953e+00
3.257114887237548828e+00
3.410635709762573242e+00
3.564615726470947266e+00
3.752073526382446289e+00
3.907461404800415039e+00
4.093144416809082031e+00
4.246242046356201172e+00
4.428355216979980469e+00
4.576306343078613281e+00
4.720976829528808594e+00
4.890622615814208984e+00
5.026132106781005859e+00
5.156604290008544922e+00
5.307046413421630859e+00
5.424684524536132812e+00
5.535717487335205078e+00
5.660943031311035156e+00
5.755952835083007812e+00
5.843038082122802734e+00
5.920676708221435547e+00
6.005275726318359375e+00
6.064788818359375000e+00
6.115107536315917969e+00
6.164559841156005859e+00
6.193963527679443359e+00
6.213603973388671875e+00
6.225728511810302734e+00
6.223606109619140625e+00
6.211523056030273438e+00
6.185557365417480469e+00
6.151691436767578125e+00
6.108044147491455078e+00
6.044676780700683594e+00
5.978591918945312500e+00
5.890640258789062500e+00
5.804538249969482422e+00
5.693445682525634766e+00
5.590252399444580078e+00
5.479152679443359375e+00
5.360530853271484375e+00
5.210760593414306641e+00
5.077097415924072266e+00
4.937318801879882812e+00
4.764197349548339844e+00
4.612742424011230469e+00
4.456810474395751953e+00
4.266617298126220703e+00
4.102813720703125000e+00
3.936340093612670898e+00
3.735999107360839844e+00
3.563966274261474609e+00
3.392937421798706055e+00
3.221747636795043945e+00
3.019167423248291016e+00
2.849767684936523438e+00
2.682129859924316406e+00
2.486390352249145508e+00
2.324712038040161133e+00
2.166647195816040039e+00
1.984845161437988281e+00
1.836672306060791016e+00
1.693822264671325684e+00
1.532507896423339844e+00
1.378418207168579102e+00
1.257247447967529297e+00
1.143397450447082520e+00
1.019440293312072754e+00
9.209574460983276367e-01
8.329690694808959961e-01
7.537096738815307617e-01
6.730069518089294434e-01
6.138079166412353516e-01
5.640234947204589844e-01
5.194878578186035156e-01
4.908746778964996338e-01
4.719968736171722412e-01
4.648550748825073242e-01
4.674396812915802002e-01
4.797031581401824951e-01
5.097359418869018555e-01
5.429222583770751953e-01
5.831012725830078125e-01
6.486400365829467773e-01
7.106358408927917480e-01
7.810898423194885254e-01
8.596864938735961914e-01
9.670385718345642090e-01
1.062300801277160645e+00
1.164494514465332031e+00
1.298477053642272949e+00
1.414362549781799316e+00
1.561050176620483398e+00
1.688257098197937012e+00
1.849409818649291992e+00
1.985379815101623535e+00
2.124433279037475586e+00
2.297455787658691406e+00
2.441261291503906250e+00
2.583840131759643555e+00
2.761529684066772461e+00
2.907088756561279297e+00
3.051932096481323242e+00
3.195460319519042969e+00
3.368093013763427734e+00
3.506653785705566406e+00
3.642024278640747070e+00
3.802461385726928711e+00
3.928854227066040039e+00
4.050302982330322266e+00
4.191815376281738281e+00
4.300618171691894531e+00
4.402911186218261719e+00
4.519492626190185547e+00
4.603414058685302734e+00
4.682044029235839844e+00
4.752494335174560547e+00
4.828857421875000000e+00
4.880233287811279297e+00
4.922515392303466797e+00
4.964032649993896484e+00
4.989275455474853516e+00
4.999240398406982422e+00
4.999426364898681641e+00
4.989765167236328125e+00
4.968292236328125000e+00
4.936985492706298828e+00
4.889638423919677734e+00
4.836967945098876953e+00
4.774786949157714844e+00
4.688386917114257812e+00
4.605955123901367188e+00
4.514700889587402344e+00
4.397080898284912109e+00
4.287469863891601562e+00
4.170063018798828125e+00
4.045244216918945312e+00
3.889389038085937500e+00
3.749752521514892578e+00
3.604113340377807617e+00
3.425243854522705078e+00
3.268154382705688477e+00
3.106702089309692383e+00
2.911102533340454102e+00
2.742007732391357422e+00
2.567755460739135742e+00
2.362355709075927734e+00
2.187166929244995117e+00
2.011329889297485352e+00
1.835449099540710449e+00
1.593920469284057617e+00
1.420392751693725586e+00
1.248863816261291504e+00
1.079922556877136230e+00
8.845169544219970703e-01
7.232840061187744141e-01
5.664457678794860840e-01
3.878712952136993408e-01
2.425478100776672363e-01
1.032582148909568787e-01
0.000000000000000000e+00
0.000000000000000000e+00
0.000000000000000000e+00
0.000000000000000000e+00
0.000000000000000000e+00
0.000000000000000000e+00
0.000000000000000000e+00
0.000000000000000000e+00
0.000000000000000000e+00
0.000000000000000000e+00
0.000000000000000000e+00
0.000000000000000000e+00
0.000000000000000000e+00
0.000000000000000000e+00
0.000000000000000000e+00
0.000000000000000000e+00
0.000000000000000000e+00
0.000000000000000000e+00
0.000000000000000000e+00
0.000000000000000000e+00
0.000000000000000000e+00
0.000000000000000000e+00
0.000000000000000000e+00
0.000000000000000000e+00
0.000000000000000000e+00
0.000000000000000000e+00
0.000000000000000000e+00
0.000000000000000000e+00
8.641870319843292236e-02
2.139164507389068604e-01
3.754847645759582520e-01
5.119953155517578125e-01
6.517142057418823242e-01
8.232537508010864258e-01
9.679858088493347168e-01
1.114050626754760742e+00
1.292924761772155762e+00
1.439792871475219727e+00
1.586069703102111816e+00
1.731155395507812500e+00
1.905469536781311035e+00
2.045835733413696289e+00
2.183135509490966797e+00
2.345625400543212891e+00
2.474194526672363281e+00
2.597942590713500977e+00
2.741877555847167969e+00
2.853225708007812500e+00
2.978787183761596680e+00
3.075499773025512695e+00
3.182262420654296875e+00
3.262359142303466797e+00
3.334332227706909180e+00
3.411925077438354492e+00
3.464941024780273438e+00
3.508937597274780273e+00
3.543705701828002930e+00
3.575318574905395508e+00
3.589203119277954102e+00
3.593428373336791992e+00
3.587925672531127930e+00
3.570729494094848633e+00
3.543818473815917969e+00
3.500984668731689453e+00
3.451132774353027344e+00
3.393717527389526367e+00
3.314800262451171875e+00
3.237369537353515625e+00
3.151232242584228516e+00
3.038844347000122070e+00
2.934580564498901367e+00
2.822635889053344727e+00
2.703393220901489258e+00
2.553228139877319336e+00
2.419394493103027344e+00
2.279671192169189453e+00
2.105237960815429688e+00
1.925476312637329102e+00
1.769486308097839355e+00
1.609906077384948730e+00
1.416282892227172852e+00
1.249299883842468262e+00
1.082089662551879883e+00
8.817210197448730469e-01
7.127683758735656738e-01
5.439999103546142578e-01
3.442365825176239014e-01
1.779704391956329346e-01
1.380834542214870453e-02
0.000000000000000000e+00
0.000000000000000000e+00
0.000000000000000000e+00
0.000000000000000000e+00
0.000000000000000000e+00
0.000000000000000000e+00
0.000000000000000000e+00
0.000000000000000000e+00
0.000000000000000000e+00
0.000000000000000000e+00
0.000000000000000000e+00
0.000000000000000000e+00
0.000000000000000000e+00
0.000000000000000000e+00
0.000000000000000000e+00
0.000000000000000000e+00
0.000000000000000000e+00
0.000000000000000000e+00
0.000000000000000000e+00
0.000000000000000000e+00
0.000000000000000000e+00
0.000000000000000000e+00
0.000000000000000000e+00
0.000000000000000000e+00
0.000000000000000000e+00
0.000000000000000000e+00
0.000000000000000000e+00
0.000000000000000000e+00
0.000000000000000000e+00
0.000000000000000000e+00
0.000000000000000000e+00
0.000000000000000000e+00
0.000000000000000000e+00
0.000000000000000000e+00
0.000000000000000000e+00
0.000000000000000000e+00
0.000000000000000000e+00
0.000000000000000000e+00
0.000000000000000000e+00
0.000000000000000000e+00
0.000000000000000000e+00
1.354229748249053955e-01
2.927274107933044434e-01
4.829108119010925293e-01
6.411567926406860352e-01
8.303663730621337891e-01
9.866629242897033691e-01
1.172032475471496582e+00
1.323481678962707520e+00
1.471814155578613281e+00
1.616466879844665527e+00
1.784598469734191895e+00
1.919218897819519043e+00
2.048464775085449219e+00
2.195793151855468750e+00
2.311521053314208984e+00
2.420391559600830078e+00
2.541408538818359375e+00
2.633758068084716797e+00
2.718037128448486328e+00
2.807988166809082031e+00
2.873413562774658203e+00
2.929869413375854492e+00
2.977146148681640625e+00
3.021315574645996094e+00
3.047803640365600586e+00
3.064678192138671875e+00
3.071869611740112305e+00
3.067411422729492188e+00
3.053567886352539062e+00
3.023580074310302734e+00
2.988427162170410156e+00
2.943920135498046875e+00
2.877949476242065430e+00
2.799480676651000977e+00
2.724656820297241211e+00
2.641507863998413086e+00
2.530613183975219727e+00
2.430299520492553711e+00
2.322798967361450195e+00
2.208528280258178711e+00
2.062396049499511719e+00
1.934793114662170410e+00
1.801917791366577148e+00
1.635452985763549805e+00
1.492784261703491211e+00
1.347244143486022949e+00
1.167011141777038574e+00
1.014931201934814453e+00
8.611325025558471680e-01
6.741941571235656738e-01
5.186893343925476074e-01
3.633850812911987305e-01
1.771012842655181885e-01
2.432885579764842987e-02
0.000000000000000000e+00
0.000000000000000000e+00
0.000000000000000000e+00
0.000000000000000000e+00
0.000000000000000000e+00
0.000000000000000000e+00
0.000000000000000000e+00
