1.859617680311203003e-01
1.795646250247955322e-01
1.709395349025726318e-01
1.605409532785415649e-01
1.530518680810928345e-01
1.452696621417999268e-01
1.334566920995712280e-01
1.255855411291122437e-01
1.172644346952438354e-01
1.070212200284004211e-01
1.003448739647865295e-01
9.375560283660888672e-02
8.867248147726058960e-02
8.219793438911437988e-02
8.006643503904342651e-02
7.898527383804321289e-02
7.781849801540374756e-02
8.044162392616271973e-02
8.433639258146286011e-02
9.152988344430923462e-02
1.004785746335983276e-01
1.109937280416488647e-01
1.265045404434204102e-01
1.418669968843460083e-01
1.598424911499023438e-01
1.794426739215850830e-01
2.058286070823669434e-01
2.303276956081390381e-01
2.562219798564910889e-01
2.897239923477172852e-01
3.250355720520019531e-01
3.564202785491943359e-01
3.888595402240753174e-01
4.286895096302032471e-01
4.627860486507415771e-01
4.969667196273803711e-01
5.383068919181823730e-01
5.726279020309448242e-01
6.063235402107238770e-01
6.460074782371520996e-01
6.773951649665832520e-01
7.081916332244873047e-01
7.432339191436767578e-01
7.706323862075805664e-01
7.961567044258117676e-01
8.196858167648315430e-01
8.451449871063232422e-01
8.647860884666442871e-01
8.809919953346252441e-01
8.973242640495300293e-01
9.075133204460144043e-01
9.156235456466674805e-01
9.224669337272644043e-01
9.250109791755676270e-01
9.253648519515991211e-01
9.226365685462951660e-01
9.175846576690673828e-01
9.107239842414855957e-01
9.014772772789001465e-01
8.861537575721740723e-01
8.726829886436462402e-01
8.576985597610473633e-01
8.418474197387695312e-01
8.213184475898742676e-01
8.041509985923767090e-01
7.847247719764709473e-01
7.608165740966796875e-01
7.408381104469299316e-01
7.200322151184082031e-01
6.962064504623413086e-01
6.752751469612121582e-01
6.544483900070190430e-01
6.311579346656799316e-01
6.108980774879455566e-01
5.915980935096740723e-01
5.720720291137695312e-01
5.505909919738769531e-01
5.320352315902709961e-01
5.138926506042480469e-01
4.942606091499328613e-01
4.768817722797393799e-01
4.604248404502868652e-01
4.412380158901214600e-01
4.246528744697570801e-01
4.087828695774078369e-01
3.900400996208190918e-01
3.744140565395355225e-01
3.579261898994445801e-01
3.381353914737701416e-01
3.192554712295532227e-01
3.020738959312438965e-01
2.851322591304779053e-01
2.645903527736663818e-01
2.474344223737716675e-01
2.291319072246551514e-01
2.099134922027587891e-01
1.884500682353973389e-01
1.696340441703796387e-01
1.512028276920318604e-01
1.291989088058471680e-01
1.108026802539825439e-01
9.310518205165863037e-02
7.242365181446075439e-02
5.668841302394866943e-02
4.101185873150825500e-02
2.373959124088287354e-02
1.063079573214054108e-02
0.000000000000000000e+00
0.000000000000000000e+00
0.000000000000000000e+00
0.000000000000000000e+00
0.000000000000000000e+00
0.000000000000000000e+00
0.000000000000000000e+00
0.000000000000000000e+00
0.000000000000000000e+00
0.000000000000000000e+00
7.798499427735805511e-03
2.402574382722377777e-02
4.664702713489532471e-02
6.882253289222717285e-02
9.391788393259048462e-02
1.259369254112243652e-01
1.561444550752639771e-01
1.889442354440689087e-01
2.234542369842529297e-01
2.661046683788299561e-01
3.048028051853179932e-01
3.449432849884033203e-01
3.930441141128540039e-01
4.347916543483734131e-01
4.775508344173431396e-01
5.268548727035522461e-01
5.697823762893676758e-01
6.123372316360473633e-01
6.601853966712951660e-01
7.009375095367431641e-01
7.398506999015808105e-01
7.835700511932373047e-01
8.187400102615356445e-01
8.525971174240112305e-01
8.849847316741943359e-01
9.177576303482055664e-01
9.440252184867858887e-01
9.669828414916992188e-01
9.913586974143981934e-01
1.000000000000000000e+00
1.000000000000000000e+00
1.000000000000000000e+00
1.000000000000000000e+00
1.000000000000000000e+00
1.000000000000000000e+00
1.000000000000000000e+00
1.000000000000000000e+00
1.000000000000000000e+00
1.000000000000000000e+00
1.000000000000000000e+00
1.000000000000000000e+00
9.867880344390869141e-01
9.669024348258972168e-01
9.489873051643371582e-01
9.294064044952392578e-01
9.058321714401245117e-01
8.847395181655883789e-01
8.625797033309936523e-01
8.361701965332031250e-01
8.131782412528991699e-01
7.902839183807373047e-01
7.639752626419067383e-01
7.407172918319702148e-01
7.177720665931701660e-01
6.947252750396728516e-01
6.691834926605224609e-01
6.458700895309448242e-01
6.200093626976013184e-01
5.972276926040649414e-01
5.729005336761474609e-01
5.513434410095214844e-01
5.299014449119567871e-01
5.062182545661926270e-01
4.849126935005187988e-01
4.636710286140441895e-01
4.395997524261474609e-01
4.182494580745697021e-01
3.966168165206909180e-01
3.722498416900634766e-01
3.503694534301757812e-01
3.280572593212127686e-01
3.029837310314178467e-01
2.793495655059814453e-01
2.567405104637145996e-01
2.337051331996917725e-01
2.074445188045501709e-01
1.847604364156723022e-01
1.618322283029556274e-01
1.362564563751220703e-01
1.139722838997840881e-01
9.222777187824249268e-02
6.841550022363662720e-02
4.831949248909950256e-02
2.981092780828475952e-02
9.476324543356895447e-03
0.000000000000000000e+00
0.000000000000000000e+00
0.000000000000000000e+00
0.000000000000000000e+00
0.000000000000000000e+00
0.000000000000000000e+00
0.000000000000000000e+00
0.000000000000000000e+00
0.000000000000000000e+00
0.000000000000000000e+00
0.000000000000000000e+00
0.000000000000000000e+00
0.000000000000000000e+00
2.054765122011303902e-03
2.247621491551399231e-02
4.617356136441230774e-02
7.682731747627258301e-02
1.053289920091629028e-01
1.366462409496307373e-01
1.702119559049606323e-01
2.112942785024642944e-01
2.478269487619400024e-01
2.862125635147094727e-01
3.317289054393768311e-01
3.715820610523223877e-01
4.123750030994415283e-01
4.602691531181335449e-01
5.010359883308410645e-01
5.409162640571594238e-01
5.865912437438964844e-01
6.320298910140991211e-01
6.683840751647949219e-01
7.034404873847961426e-01
7.420880198478698730e-01
7.725356817245483398e-01
8.014347553253173828e-01
8.311535716056823730e-01
8.539797067642211914e-01
8.739081025123596191e-01
8.911733031272888184e-01
9.075011610984802246e-01
9.184349775314331055e-01
9.266604185104370117e-01
9.323327541351318359e-01
9.342449903488159180e-01
9.334745407104492188e-01
9.292129278182983398e-01
9.229011535644531250e-01
9.143876433372497559e-01
9.015132188796997070e-01
8.882510066032409668e-01
8.735322952270507812e-01
8.567633628845214844e-01
8.360109925270080566e-01
8.166939616203308105e-01
7.967153191566467285e-01
7.722252607345581055e-01
7.508569359779357910e-01
7.291215062141418457e-01
7.021403312683105469e-01
6.767067909240722656e-01
6.543728709220886230e-01
6.327188014984130859e-01
6.082362532615661621e-01
5.869068503379821777e-01
5.665618777275085449e-01
5.426520109176635742e-01
5.234889984130859375e-01
5.048947334289550781e-01
4.856387972831726074e-01
4.656631946563720703e-01
4.481433331966400146e-01
4.316877424716949463e-01
4.127056002616882324e-01
3.970519900321960449e-01
3.816995024681091309e-01
3.636049926280975342e-01
3.486428558826446533e-01
3.331820666790008545e-01
3.152500092983245850e-01
3.004601895809173584e-01
2.849605381488800049e-01
2.674034833908081055e-01
2.519649267196655273e-01
2.371252328157424927e-01
2.217306196689605713e-01
2.037883102893829346e-01
1.856951713562011719e-01
1.707171648740768433e-01
1.565966457128524780e-01
1.395394951105117798e-01
1.258945018053054810e-01
1.134301275014877319e-01
9.817644208669662476e-02
8.762797713279724121e-02
7.758565247058868408e-02
6.688718497753143311e-02
6.050233170390129089e-02
5.625222250819206238e-02
5.155523121356964111e-02
5.058311671018600464e-02
5.198156088590621948e-02
5.555029585957527161e-02
6.102956831455230713e-02
6.968629360198974609e-02
8.075393736362457275e-02
9.568747878074645996e-02
1.121599674224853516e-01
1.312246173620223999e-01
1.555973738431930542e-01
1.799335181713104248e-01
2.065774798393249512e-01
2.406744211912155151e-01
2.719115316867828369e-01
3.049750328063964844e-01
3.402754366397857666e-01
3.893602192401885986e-01
4.274483323097229004e-01
4.662499725818634033e-01
5.056778192520141602e-01
5.524798035621643066e-01
5.924503803253173828e-01
6.331198215484619141e-01
6.791421175003051758e-01
7.178918719291687012e-01
7.551842331886291504e-01
7.973897457122802734e-01
8.319003582000732422e-01
8.641067147254943848e-01
9.000351428985595703e-01
9.274415373802185059e-01
9.530164599418640137e-01
9.798685908317565918e-01
9.989580512046813965e-01
1.000000000000000000e+00
1.000000000000000000e+00
1.000000000000000000e+00
1.000000000000000000e+00
1.000000000000000000e+00
1.000000000000000000e+00
1.000000000000000000e+00
1.000000000000000000e+00
1.000000000000000000e+00
1.000000000000000000e+00
1.000000000000000000e+00
1.000000000000000000e+00
9.811943769454956055e-01
9.622994065284729004e-01
9.422941803932189941e-01
9.182146191596984863e-01
8.954409956932067871e-01
8.724577426910400391e-01
8.482757210731506348e-01
8.202229142189025879e-01
7.959269881248474121e-01
7.710148692131042480e-01
7.433203458786010742e-01
7.187778949737548828e-01
6.950574517250061035e-01
6.681138277053833008e-01
6.444545388221740723e-01
6.223748326301574707e-01
5.976401567459106445e-01
5.768941044807434082e-01
5.563972592353820801e-01
5.365478992462158203e-01
5.151599049568176270e-01
4.965489506721496582e-01
4.783495366573333740e-01
4.583263993263244629e-01
4.412612617015838623e-01
4.242710173130035400e-01
4.051627814769744873e-01
3.886812329292297363e-01
3.692753612995147705e-01
3.522759974002838135e-01
3.330536782741546631e-01
3.167144954204559326e-01
2.999154627323150635e-01
2.800609767436981201e-01
2.628670632839202881e-01
2.456353306770324707e-01
2.251415103673934937e-01
2.076284140348434448e-01
1.896697878837585449e-01
1.723116487264633179e-01
1.520586013793945312e-01
1.355503946542739868e-01
1.192652955651283264e-01
1.007528826594352722e-01
8.597344160079956055e-02
7.249915599822998047e-02
5.778853595256805420e-02
4.693911597132682800e-02
3.698498755693435669e-02
2.703675068914890289e-02
2.140801399946212769e-02
1.722665131092071533e-02
1.558585371822118759e-02
1.596716791391372681e-02
1.867119409143924713e-02
2.426304109394550323e-02
3.311342746019363403e-02
4.595975205302238464e-02
5.984063446521759033e-02
7.555657625198364258e-02
9.769637882709503174e-02
1.185570731759071350e-01
1.421598196029663086e-01
1.720730066299438477e-01
2.000912427902221680e-01
2.297751158475875854e-01
2.664529681205749512e-01
2.994379997253417969e-01
3.329028189182281494e-01
3.678504526615142822e-01
4.101517498493194580e-01
4.455538392066955566e-01
4.816243648529052734e-01
5.236839056015014648e-01
5.590246915817260742e-01
5.938947200775146484e-01
6.332651972770690918e-01
6.644655466079711914e-01
6.946080327033996582e-01
7.289338707923889160e-01
7.552158832550048828e-01
7.799389362335205078e-01
8.065120577812194824e-01
8.258718252182006836e-01
8.437904715538024902e-01
8.606218099594116211e-01
8.745146989822387695e-01
8.834551572799682617e-01
8.896073102951049805e-01
8.936260938644409180e-01
8.949626088142395020e-01
8.945304155349731445e-01
8.912934660911560059e-01
8.844760060310363770e-01
8.758758902549743652e-01
8.665704131126403809e-01
8.534337878227233887e-01
8.410223126411437988e-01
8.275069594383239746e-01
8.099018931388854980e-01
7.944577932357788086e-01
7.789983153343200684e-01
7.625335454940795898e-01
7.422255277633666992e-01
7.251848578453063965e-01
7.083057165145874023e-01
6.879522204399108887e-01
6.714801788330078125e-01
6.546844244003295898e-01
6.357882618904113770e-01
6.202507615089416504e-01
6.055229902267456055e-01
5.882609486579895020e-01
5.739688873291015625e-01
5.576649904251098633e-01
5.440891981124877930e-01
5.282568931579589844e-01
5.155493021011352539e-01
5.026060938835144043e-01
4.898879826068878174e-01
4.741915762424468994e-01
4.605571031570434570e-01
4.471093416213989258e-01
4.302430450916290283e-01
4.157626628875732422e-01
4.004114270210266113e-01
3.813809752464294434e-01
3.645982146263122559e-01
3.465054929256439209e-01
3.252503573894500732e-01
3.053820133209228516e-01
2.853036224842071533e-01
2.605947852134704590e-01
2.382832765579223633e-01
2.159266769886016846e-01
1.923715323209762573e-01
1.656129509210586548e-01
1.408021897077560425e-01
1.162452474236488342e-01
8.909612149000167847e-02
6.481784582138061523e-02
4.135184735059738159e-02
1.518883928656578064e-02
0.000000000000000000e+00
0.000000000000000000e+00
0.000000000000000000e+00
0.000000000000000000e+00
0.000000000000000000e+00
0.000000000000000000e+00
0.000000000000000000e+00
0.000000000000000000e+00
0.000000000000000000e+00
0.000000000000000000e+00
0.000000000000000000e+00
0.000000000000000000e+00
0.000000000000000000e+00
0.000000000000000000e+00
0.000000000000000000e+00
0.000000000000000000e+00
0.000000000000000000e+00
0.000000000000000000e+00
0.000000000000000000e+00
0.000000000000000000e+00
0.000000000000000000e+00
0.000000000000000000e+00
0.000000000000000000e+00
2.175015583634376526e-02
4.479164630174636841e-02
6.837703287601470947e-02
9.915409982204437256e-02
1.231240928173065186e-01
1.459025889635086060e-01
1.755331456661224365e-01
2.031720131635665894e-01
2.251839637756347656e-01
2.459985613822937012e-01
2.708458602428436279e-01
2.891736030578613281e-01
3.057883977890014648e-01
3.247435092926025391e-01
3.378366231918334961e-01
3.496952056884765625e-01
3.614378273487091064e-01
3.695222735404968262e-01
3.759956359863281250e-01
3.804093599319458008e-01
3.837274014949798584e-01
3.841851651668548584e-01
3.844255506992340088e-01
3.820869028568267822e-01
3.795027732849121094e-01
3.762096166610717773e-01
3.691489696502685547e-01
3.641911745071411133e-01
3.581833243370056152e-01
3.493848443031311035e-01
3.433765172958374023e-01
3.367621898651123047e-01
3.309038281440734863e-01
3.212255537509918213e-01
3.165822029113769531e-01
3.099883496761322021e-01
3.052560091018676758e-01
2.984288036823272705e-01
2.955613136291503906e-01
2.935050427913665771e-01
2.890671193599700928e-01
2.884932160377502441e-01
2.884474694728851318e-01
2.856541275978088379e-01
2.867055237293243408e-01
2.881156206130981445e-01
2.868022322654724121e-01
2.886778414249420166e-01
2.900750041007995605e-01
2.918433845043182373e-01
2.911639809608459473e-01
2.922729551792144775e-01
2.928404808044433594e-01
2.905990779399871826e-01
2.896539568901062012e-01
2.874698638916015625e-01
2.819917798042297363e-01
2.779773771762847900e-01
2.725532948970794678e-01
2.632630467414855957e-01
2.557143867015838623e-01
2.467957288026809692e-01
2.333015501499176025e-01
2.192383557558059692e-01
2.065977603197097778e-01
1.928840726613998413e-01
1.749872416257858276e-01
1.597453057765960693e-01
1.437719017267227173e-01
1.272288858890533447e-01
1.074737012386322021e-01
9.066727757453918457e-02
7.407078146934509277e-02
5.525057762861251831e-02
3.949287533760070801e-02
2.462691999971866608e-02
9.044549427926540375e-03
0.000000000000000000e+00
0.000000000000000000e+00
0.000000000000000000e+00
0.000000000000000000e+00
0.000000000000000000e+00
0.000000000000000000e+00
0.000000000000000000e+00
0.000000000000000000e+00
0.000000000000000000e+00
0.000000000000000000e+00
0.000000000000000000e+00
0.000000000000000000e+00
0.000000000000000000e+00
2.569205127656459808e-03
1.609983295202255249e-02
3.589864447712898254e-02
5.824844911694526672e-02
7.699444890022277832e-02
9.613658487796783447e-02
1.228246241807937622e-01
1.440294086933135986e-01
1.649699509143829346e-01
1.866721808910369873e-01
2.143284231424331665e-01
2.353549748659133911e-01
2.554922699928283691e-01
2.802796065807342529e-01
2.991712391376495361e-01
3.163691759109497070e-01
3.378316462039947510e-01
3.520424067974090576e-01
3.647683262825012207e-01
3.799881935119628906e-01
3.890232443809509277e-01
3.969176709651947021e-01
4.044880270957946777e-01
4.080256223678588867e-01
4.098035395145416260e-01
4.106699228286743164e-01
4.097475707530975342e-01
4.064957201480865479e-01
4.023314416408538818e-01
3.951254487037658691e-01
3.878575861454010010e-01
3.782782256603240967e-01
3.691686391830444336e-01
3.570910096168518066e-01
3.467643260955810547e-01
3.362187743186950684e-01
3.225843012332916260e-01
3.119292259216308594e-01
3.017003536224365234e-01
2.881941199302673340e-01
2.789343297481536865e-01
2.700075507164001465e-01
2.630100548267364502e-01
2.522517740726470947e-01
2.456574141979217529e-01
2.398931980133056641e-01
2.319519072771072388e-01
2.280187606811523438e-01
2.248072177171707153e-01
2.202156335115432739e-01
2.185634821653366089e-01
2.177050262689590454e-01
2.149481177330017090e-01
2.149224281311035156e-01
2.154695093631744385e-01
2.159456312656402588e-01
2.144920080900192261e-01
2.156813591718673706e-01
2.163377851247787476e-01
2.165783941745758057e-01
2.136614620685577393e-01
2.131070196628570557e-01
2.115416675806045532e-01
2.070601433515548706e-01
2.045700550079345703e-01
2.008609473705291748e-01
1.945410519838333130e-01
1.892655789852142334e-01
1.838408857583999634e-01
1.744937449693679810e-01
1.672257333993911743e-01
1.600542366504669189e-01
1.485616713762283325e-01
1.405655890703201294e-01
1.320307403802871704e-01
1.241523772478103638e-01
1.139717772603034973e-01
1.061831787228584290e-01
9.958656877279281616e-02
9.076251834630966187e-02
8.610668778419494629e-02
8.257502317428588867e-02
7.836836576461791992e-02
7.795521616935729980e-02
7.856895029544830322e-02
8.147612214088439941e-02
8.638071268796920776e-02
9.363375604152679443e-02
1.047093719244003296e-01
1.180669516324996948e-01
1.323440670967102051e-01
1.490676403045654297e-01
1.673988103866577148e-01
1.923028528690338135e-01
2.152081280946731567e-01
2.404639869928359985e-01
2.723640501499176025e-01
3.013535141944885254e-01
3.317497074604034424e-01
3.692761361598968506e-01
4.021383821964263916e-01
4.354631304740905762e-01
4.759869575500488281e-01
5.104393362998962402e-01
5.446673631668090820e-01
5.793599486351013184e-01
6.195805072784423828e-01
6.524227261543273926e-01
6.841239333152770996e-01
7.206463217735290527e-01
7.494056224822998047e-01
7.764296531677246094e-01
8.058547973632812500e-01
8.285615444183349609e-01
8.490099906921386719e-01
8.705976605415344238e-01
8.859148621559143066e-01
9.012516140937805176e-01
9.110752344131469727e-01
9.188489913940429688e-01
9.228816628456115723e-01
9.257892370223999023e-01
9.247423410415649414e-01
9.213629961013793945e-01
9.154328107833862305e-01
9.077518582344055176e-01
8.959273695945739746e-01
8.837448954582214355e-01
8.703549504280090332e-01
8.517989516258239746e-01
8.354885578155517578e-01
8.176187872886657715e-01
7.955737113952636719e-01
7.764557600021362305e-01
7.562650442123413086e-01
7.327721714973449707e-01
7.126682400703430176e-01
6.916763782501220703e-01
6.709729433059692383e-01
6.468384861946105957e-01
6.269318461418151855e-01
6.067245602607727051e-01
5.844436883926391602e-01
5.650883913040161133e-01
5.461488962173461914e-01
5.255296230316162109e-01
5.043046474456787109e-01
4.873807728290557861e-01
4.701710641384124756e-01
4.508550763130187988e-01
4.348136186599731445e-01
4.183228313922882080e-01
4.001888930797576904e-01
3.834694027900695801e-01
3.669922053813934326e-01
3.512550592422485352e-01
3.320647180080413818e-01
3.156189322471618652e-01
2.983986735343933105e-01
2.786638140678405762e-01
2.608144581317901611e-01
2.427109926939010620e-01
2.217617481946945190e-01
2.031390666961669922e-01
1.847875118255615234e-01
1.632616668939590454e-01
1.444947868585586548e-01
1.254710406064987183e-01
1.038370728492736816e-01
8.630137890577316284e-02
6.911317259073257446e-02
5.293946340680122375e-02
3.449854627251625061e-02
2.037606202065944672e-02
7.745781447738409042e-03
0.000000000000000000e+00
0.000000000000000000e+00
0.000000000000000000e+00
0.000000000000000000e+00
0.000000000000000000e+00
0.000000000000000000e+00
0.000000000000000000e+00
0.000000000000000000e+00
0.000000000000000000e+00
0.000000000000000000e+00
1.351453736424446106e-02
3.081746585667133331e-02
5.110880360007286072e-02
7.414428144693374634e-02
1.035364270210266113e-01
1.322010904550552368e-01
1.633330732583999634e-01
2.018768638372421265e-01
2.371336519718170166e-01
2.745745480060577393e-01
3.198493421077728271e-01
3.599717319011688232e-01
4.015677571296691895e-01
4.501854181289672852e-01
4.936531186103820801e-01
5.367131233215332031e-01
5.791621208190917969e-01
6.282286047935485840e-01
6.692129969596862793e-01
7.172005176544189453e-01
7.561179399490356445e-01
7.984365820884704590e-01
8.335510492324829102e-01
8.657796382904052734e-01
9.008718729019165039e-01
9.280661940574645996e-01
9.532645940780639648e-01
9.786547422409057617e-01
9.971981644630432129e-01
1.000000000000000000e+00
1.000000000000000000e+00
1.000000000000000000e+00
1.000000000000000000e+00
1.000000000000000000e+00
1.000000000000000000e+00
1.000000000000000000e+00
1.000000000000000000e+00
1.000000000000000000e+00
1.000000000000000000e+00
1.000000000000000000e+00
9.960682392120361328e-01
9.807885289192199707e-01
9.628454446792602539e-01
9.414167404174804688e-01
9.219512343406677246e-01
9.008952379226684570e-01
8.761334419250488281e-01
8.497208952903747559e-01
8.272368311882019043e-01
8.037729263305664062e-01
7.771503925323486328e-01
7.541345953941345215e-01
7.308719754219055176e-01
7.079403996467590332e-01
6.822037100791931152e-01
6.594925522804260254e-01
6.371470689773559570e-01
6.122763752937316895e-01
5.904166102409362793e-01
5.681801438331604004e-01
5.442739129066467285e-01
5.219902396202087402e-01
5.007005929946899414e-01
4.770794510841369629e-01
4.558412730693817139e-01
4.344402551651000977e-01
4.129084050655364990e-01
3.889118731021881104e-01
3.669812679290771484e-01
3.448875248432159424e-01
3.198297917842864990e-01
2.975034415721893311e-01
2.747162580490112305e-01
2.487217187881469727e-01
2.259519100189208984e-01
2.028125375509262085e-01
1.759401857852935791e-01
1.497655510902404785e-01
1.266555488109588623e-01
1.050753146409988403e-01
8.034031093120574951e-02
6.023922562599182129e-02
4.059624299407005310e-02
1.910391449928283691e-02
2.608399838209152222e-03
0.000000000000000000e+00
0.000000000000000000e+00
0.000000000000000000e+00
0.000000000000000000e+00
0.000000000000000000e+00
0.000000000000000000e+00
0.000000000000000000e+00
0.000000000000000000e+00
0.000000000000000000e+00
0.000000000000000000e+00
0.000000000000000000e+00
0.000000000000000000e+00
0.000000000000000000e+00
6.933138240128755569e-03
2.793894149363040924e-02
5.558668449521064758e-02
8.280420303344726562e-02
1.117940694093704224e-01
1.488493680953979492e-01
1.823872774839401245e-01
2.252393811941146851e-01
2.628690302371978760e-01
3.076828718185424805e-01
3.476201295852661133e-01
3.884932100772857666e-01
4.361833631992340088e-01
4.766487181186676025e-01
5.174037218093872070e-01
5.640296936035156250e-01
6.026260256767272949e-01
6.404156684875488281e-01
6.764217019081115723e-01
7.163822650909423828e-01
7.487803101539611816e-01
7.787597775459289551e-01
8.110459446907043457e-01
8.357971310615539551e-01
8.583868145942687988e-01
8.806678056716918945e-01
8.970169425010681152e-01
9.102752804756164551e-01
9.219167232513427734e-01
9.288837313652038574e-01
9.329881668090820312e-01
9.341979026794433594e-01
9.323906898498535156e-01
9.280525445938110352e-01
9.211878180503845215e-01
9.103585481643676758e-01
8.964680433273315430e-01
8.825903534889221191e-01
8.672262430191040039e-01
8.471681475639343262e-01
8.285552859306335449e-01
8.091418743133544922e-01
7.851561903953552246e-01
7.635069489479064941e-01
7.415750026702880859e-01
7.162465453147888184e-01
6.938307285308837891e-01
6.718457937240600586e-01
6.466954350471496582e-01
6.247082352638244629e-01
6.029953360557556152e-01
5.817394256591796875e-01
5.585647225379943848e-01
5.389540791511535645e-01
5.193396806716918945e-01
4.982330501079559326e-01
4.797972440719604492e-01
4.618575274944305420e-01
4.420647323131561279e-01
4.257673025131225586e-01
4.092103838920593262e-01
3.907151222229003906e-01
3.754437863826751709e-01
3.597707748413085938e-01
3.421275019645690918e-01
3.248597979545593262e-01
3.094627559185028076e-01
2.940956354141235352e-01
2.787412106990814209e-01
2.611236274242401123e-01
2.462603449821472168e-01
2.308189868927001953e-01
2.128543108701705933e-01
1.974897533655166626e-01
1.831487715244293213e-01
1.654752641916275024e-01
1.505158692598342896e-01
1.369806379079818726e-01
1.202389299869537354e-01
1.080667302012443542e-01
9.632442891597747803e-02
8.309052139520645142e-02
7.416701316833496094e-02
6.622080504894256592e-02
6.017809361219406128e-02
5.344330891966819763e-02
5.111473426222801208e-02
5.085675790905952454e-02
5.152953788638114929e-02
5.693540349602699280e-02
6.351114064455032349e-02
7.316537201404571533e-02
8.509765565395355225e-02
1.026611477136611938e-01
1.202343106269836426e-01
1.427973508834838867e-01
1.657421588897705078e-01
1.910189688205718994e-01
2.226266413927078247e-01
2.526858747005462646e-01
2.847676873207092285e-01
3.185419142246246338e-01
3.597242832183837891e-01
3.972293734550476074e-01
4.353421032428741455e-01
4.816593229770660400e-01
5.213062167167663574e-01
5.614929795265197754e-01
6.082132458686828613e-01
6.481558680534362793e-01
6.871675848960876465e-01
7.318960428237915039e-01
7.690936326980590820e-01
8.050991892814636230e-01
8.392032384872436523e-01
8.765600919723510742e-01
9.058254361152648926e-01
9.332352280616760254e-01
9.620280861854553223e-01
9.838678836822509766e-01
1.000000000000000000e+00
1.000000000000000000e+00
1.000000000000000000e+00
1.000000000000000000e+00
1.000000000000000000e+00
1.000000000000000000e+00
1.000000000000000000e+00
1.000000000000000000e+00
1.000000000000000000e+00
1.000000000000000000e+00
1.000000000000000000e+00
1.000000000000000000e+00
9.949113726615905762e-01
9.772829413414001465e-01
9.586695432662963867e-01
9.350906014442443848e-01
9.137026071548461914e-01
8.899875879287719727e-01
8.629208207130432129e-01
8.393522500991821289e-01
8.146368861198425293e-01
7.868329882621765137e-01
7.619360685348510742e-01
7.377067804336547852e-01
7.099032402038574219e-01
6.858777999877929688e-01
6.628038287162780762e-01
6.398019194602966309e-01
6.149114966392517090e-01
5.930601954460144043e-01
5.720172524452209473e-01
5.484662652015686035e-01
5.263125896453857422e-01
5.074734091758728027e-01
4.890922307968139648e-01
4.688584208488464355e-01
4.512439370155334473e-01
4.341183006763458252e-01
4.151057004928588867e-01
3.984246253967285156e-01
3.819952309131622314e-01
3.629938364028930664e-01
3.464360535144805908e-01
3.298680782318115234e-01
3.131673038005828857e-01
2.928663194179534912e-01
2.758223414421081543e-01
2.586792409420013428e-01
2.387488633394241333e-01
2.214140743017196655e-01
2.039296478033065796e-01
1.833491921424865723e-01
1.662617772817611694e-01
1.492224782705307007e-01
1.295271813869476318e-01
1.127877309918403625e-01
9.769765287637710571e-02
8.014261722564697266e-02
6.707196682691574097e-02
5.520264059305191040e-02
4.243034496903419495e-02
3.174898028373718262e-02
2.401343733072280884e-02
1.916277967393398285e-02
1.630679704248905182e-02
1.510543003678321838e-02
1.695062592625617981e-02
2.056505344808101654e-02
2.813515812158584595e-02
3.757292404770851135e-02
4.888188838958740234e-02
6.580348312854766846e-02
8.215807378292083740e-02
1.017873883247375488e-01
1.271697878837585449e-01
1.516946107149124146e-01
1.782529950141906738e-01
2.060709595680236816e-01
2.419177144765853882e-01
2.729060351848602295e-01
3.060821890830993652e-01
3.468016982078552246e-01
3.814617395401000977e-01
4.172177910804748535e-01
4.594567716121673584e-01
4.954941868782043457e-01
5.306602716445922852e-01
5.724754333496093750e-01
6.133524179458618164e-01
6.457544565200805664e-01
6.773527264595031738e-01
7.129300236701965332e-01
7.403708696365356445e-01
7.663516402244567871e-01
7.897719740867614746e-01
8.152792453765869141e-01
8.325424790382385254e-01
8.489512205123901367e-01
8.657722473144531250e-01
8.763750195503234863e-01
8.848228454589843750e-01
8.912746906280517578e-01
8.943521380424499512e-01
8.950768113136291504e-01
8.926737904548645020e-01
8.886177539825439453e-01
8.824232816696166992e-01
8.726950287818908691e-01
8.634025454521179199e-01
8.520815968513488770e-01
8.384780883789062500e-01
8.217787742614746094e-01
8.069299459457397461e-01
7.913707494735717773e-01
7.718291282653808594e-01
7.551547288894653320e-01
7.383607625961303711e-01
7.182623744010925293e-01
6.980192065238952637e-01
6.812109947204589844e-01
6.646313667297363281e-01
6.454098224639892578e-01
6.295905709266662598e-01
6.144815087318420410e-01
5.965594649314880371e-01
5.827792882919311523e-01
5.685964822769165039e-01
5.547053217887878418e-01
5.390698313713073730e-01
5.257883667945861816e-01
5.130850672721862793e-01
4.975803494453430176e-01
4.843638241291046143e-01
4.714825749397277832e-01
4.555164575576782227e-01
4.419266581535339355e-01
4.272941052913665771e-01
4.095787703990936279e-01
3.942224085330963135e-01
3.775508105754852295e-01
3.607022464275360107e-01
3.395707309246063232e-01
3.213362097740173340e-01
3.012850880622863770e-01
2.769649922847747803e-01
2.558078169822692871e-01
2.293234914541244507e-01
2.066959440708160400e-01
1.795592159032821655e-01
1.553596556186676025e-01
1.314955800771713257e-01
1.031859219074249268e-01
7.929188013076782227e-02
5.503801256418228149e-02
2.843770757317543030e-02
5.960315000265836716e-03
0.000000000000000000e+00
0.000000000000000000e+00
0.000000000000000000e+00
0.000000000000000000e+00
0.000000000000000000e+00
0.000000000000000000e+00
0.000000000000000000e+00
0.000000000000000000e+00
0.000000000000000000e+00
0.000000000000000000e+00
0.000000000000000000e+00
0.000000000000000000e+00
0.000000000000000000e+00
0.000000000000000000e+00
0.000000000000000000e+00
0.000000000000000000e+00
0.000000000000000000e+00
0.000000000000000000e+00
0.000000000000000000e+00
0.000000000000000000e+00
0.000000000000000000e+00
0.000000000000000000e+00
7.411111611872911453e-03
2.998823672533035278e-02
5.329930409789085388e-02
8.385558426380157471e-02
1.079055219888687134e-01
1.319979429244995117e-01
1.621614396572113037e-01
1.854566037654876709e-01
2.079168856143951416e-01
2.351348251104354858e-01
2.557040154933929443e-01
2.748231589794158936e-01
2.918880879878997803e-01
3.121553063392639160e-01
3.269418179988861084e-01
3.397702872753143311e-01
3.536971807479858398e-01
3.631672263145446777e-01
3.705508708953857422e-01
3.777323365211486816e-01
3.814615309238433838e-01
3.841875791549682617e-01
3.848542869091033936e-01
3.839439153671264648e-01
3.824081122875213623e-01
3.780595064163208008e-01
3.725723624229431152e-01
3.679455816745758057e-01
3.620891571044921875e-01
3.536086678504943848e-01
3.470977544784545898e-01
3.411243855953216553e-01
3.345943391323089600e-01
3.254327476024627686e-01
3.199785649776458740e-01
3.143256008625030518e-01
3.069962561130523682e-01
3.024834692478179932e-01
2.992230355739593506e-01
2.934053242206573486e-01
2.909653186798095703e-01
2.897942960262298584e-01
2.857742607593536377e-01
2.865856587886810303e-01
2.872800529003143311e-01
2.885130345821380615e-01
2.874598503112792969e-01
2.887058556079864502e-01
2.905738651752471924e-01
2.895850837230682373e-01
2.913013994693756104e-01
2.927083373069763184e-01
2.909134626388549805e-01
2.912971079349517822e-01
2.901993095874786377e-01
2.889083325862884521e-01
2.840763926506042480e-01
2.804180085659027100e-01
2.759556472301483154e-01
2.671925425529479980e-01
2.606899738311767578e-01
2.524822652339935303e-01
2.431620061397552490e-01
2.292648553848266602e-01
2.172769308090209961e-01
2.043294012546539307e-01
1.869835555553436279e-01
1.721722483634948730e-01
1.566083431243896484e-01
1.372603029012680054e-01
1.207592785358428955e-01
1.040976345539093018e-01
8.443906158208847046e-02
6.789585947990417480e-02
5.156277120113372803e-02
3.387541696429252625e-02
1.940419897437095642e-02
5.634829867631196976e-03
0.000000000000000000e+00
0.000000000000000000e+00
0.000000000000000000e+00
0.000000000000000000e+00
0.000000000000000000e+00
0.000000000000000000e+00
0.000000000000000000e+00
0.000000000000000000e+00
0.000000000000000000e+00
0.000000000000000000e+00
0.000000000000000000e+00
0.000000000000000000e+00
0.000000000000000000e+00
7.288963068276643753e-03
2.721942402422428131e-02
4.374429583549499512e-02
6.099772453308105469e-02
7.938049733638763428e-02
1.059907749295234680e-01
1.261864900588989258e-01
1.468500047922134399e-01
1.746690273284912109e-01
1.963506937026977539e-01
2.172618359327316284e-01
2.442269772291183472e-01
2.646391391754150391e-01
2.836536467075347900e-01
3.078761696815490723e-01
3.245554864406585693e-01
3.399451076984405518e-01
3.539689779281616211e-01
3.703283667564392090e-01
3.813531696796417236e-01
3.901390135288238525e-01
3.990430235862731934e-01
4.063234031200408936e-01
4.091322422027587891e-01
4.104089140892028809e-01
4.101994335651397705e-01
4.082655906677246094e-01
4.044519960880279541e-01
3.981991708278656006e-01
3.919532597064971924e-01
3.842946290969848633e-01
3.749316036701202393e-01
3.654716908931732178e-01
3.555054664611816406e-01
3.424475789070129395e-01
3.317924141883850098e-01
3.213521540164947510e-01
3.108063638210296631e-01
2.972664237022399902e-01
2.873447239398956299e-01
2.779645025730133057e-01
2.658697366714477539e-01
2.578620016574859619e-01
2.509643435478210449e-01
2.413779497146606445e-01
2.359623759984970093e-01
2.325068414211273193e-01
2.258661091327667236e-01
2.229308038949966431e-01
2.208631783723831177e-01
2.190991938114166260e-01
2.157694399356842041e-01
2.157137691974639893e-01
2.158023864030838013e-01
2.164279669523239136e-01
2.149104475975036621e-01
2.154516428709030151e-01
2.162468731403350830e-01
2.140934020280838013e-01
2.143585681915283203e-01
2.144506871700286865e-01
2.112283259630203247e-01
2.099486589431762695e-01
2.078356593847274780e-01
2.022845298051834106e-01
1.982906162738800049e-01
1.940886080265045166e-01
1.891824752092361450e-01
1.797983795404434204e-01
1.735192090272903442e-01
1.667166054248809814e-01
1.560605764389038086e-01
1.478072553873062134e-01
1.399410963058471680e-01
1.287869364023208618e-01
1.204085871577262878e-01
1.129109114408493042e-01
1.021195352077484131e-01
9.585075080394744873e-02
8.920560777187347412e-02
8.434169739484786987e-02
7.972510904073715210e-02
7.778221368789672852e-02
7.799141854047775269e-02
7.955433428287506104e-02
8.310311287641525269e-02
8.917600661516189575e-02
9.684769064188003540e-02
1.086207628250122070e-01
1.213952675461769104e-01
1.358095407485961914e-01
1.560656130313873291e-01
1.752655953168869019e-01
1.970131397247314453e-01
2.247893065214157104e-01
2.508290410041809082e-01
2.783788442611694336e-01
3.130143880844116211e-01
3.439498543739318848e-01
3.756946921348571777e-01
4.087200760841369629e-01
4.491204619407653809e-01
4.831622838973999023e-01
5.176594257354736328e-01
5.586856603622436523e-01
5.927549600601196289e-01
6.255689263343811035e-01
6.647934913635253906e-01
7.022135257720947266e-01
7.318128943443298340e-01
7.606734037399291992e-01
7.921079397201538086e-01
8.160817027091979980e-01
8.372679948806762695e-01
8.606442213058471680e-01
8.773300051689147949e-01
8.916770815849304199e-01
9.033625125885009766e-01
9.142238497734069824e-01
9.205059409141540527e-01
9.240316748619079590e-01
9.255517125129699707e-01
9.237085580825805664e-01
9.192259311676025391e-01
9.117121696472167969e-01
9.039815068244934082e-01
8.936115503311157227e-01
8.788417577743530273e-01
8.648690581321716309e-01
8.490568995475769043e-01
8.290178775787353516e-01
8.112428188323974609e-01
7.916363477706909180e-01
7.723879814147949219e-01
7.486584186553955078e-01
7.279657125473022461e-01
7.039573192596435547e-01
6.829963922500610352e-01
6.593271493911743164e-01
6.383965015411376953e-01
6.180350184440612793e-01
5.955090522766113281e-01
5.762947201728820801e-01
5.576981902122497559e-01
5.361207723617553711e-01
5.184620022773742676e-01
5.005778074264526367e-01
4.805591702461242676e-01
4.640515148639678955e-01
4.472769200801849365e-01
4.312674403190612793e-01
4.124698340892791748e-01
3.960894048213958740e-01
3.802903890609741211e-01
3.614677488803863525e-01
3.454212546348571777e-01
3.281346261501312256e-01
3.090271055698394775e-01
2.916530668735504150e-01
2.744376361370086670e-01
2.541547417640686035e-01
2.359264940023422241e-01
2.179091125726699829e-01
1.992795318365097046e-01
1.773134320974349976e-01
1.550202071666717529e-01
1.368787586688995361e-01
1.187133044004440308e-01
9.725336730480194092e-02
7.968597859144210815e-02
6.304584443569183350e-02
4.393566399812698364e-02
2.926913648843765259e-02
1.499371323734521866e-02
4.622244450729340315e-04
0.000000000000000000e+00
0.000000000000000000e+00
0.000000000000000000e+00
0.000000000000000000e+00
0.000000000000000000e+00
0.000000000000000000e+00
0.000000000000000000e+00
0.000000000000000000e+00
0.000000000000000000e+00
1.747301314026117325e-03
1.756036840379238129e-02
3.562012314796447754e-02
5.937467887997627258e-02
8.345188945531845093e-02
1.098432019352912903e-01
1.436168998479843140e-01
1.752104610204696655e-01
2.093050777912139893e-01
2.525696754455566406e-01
2.963830828666687012e-01
3.362253904342651367e-01
3.767955899238586426e-01
4.254324138164520264e-01
4.681102931499481201e-01
5.105862021446228027e-01
5.535924434661865234e-01
6.024992465972900391e-01
6.445811986923217773e-01
6.857243180274963379e-01
7.319859862327575684e-01
7.702952027320861816e-01
8.063026666641235352e-01
8.460922241210937500e-01
8.776271343231201172e-01
9.074221849441528320e-01
9.384784102439880371e-01
9.620345234870910645e-01
9.831172227859497070e-01
1.000000000000000000e+00
1.000000000000000000e+00
1.000000000000000000e+00
1.000000000000000000e+00
1.000000000000000000e+00
1.000000000000000000e+00
1.000000000000000000e+00
1.000000000000000000e+00
1.000000000000000000e+00
1.000000000000000000e+00
1.000000000000000000e+00
1.000000000000000000e+00
9.903579354286193848e-01
9.738990664482116699e-01
9.532958269119262695e-01
9.333520531654357910e-01
9.134388566017150879e-01
8.887632489204406738e-01
8.671866059303283691e-01
8.450384140014648438e-01
8.221246600151062012e-01
7.959000468254089355e-01
7.726404070854187012e-01
7.490509152412414551e-01
7.228823900222778320e-01
6.991847157478332520e-01
6.764732599258422852e-01
6.509985327720642090e-01
6.287674307823181152e-01
6.066300868988037109e-01
5.822917222976684570e-01
5.606814026832580566e-01
5.391849875450134277e-01
5.178086757659912109e-01
4.941986501216888428e-01
4.725234210491180420e-01
4.511945545673370361e-01
4.265746176242828369e-01
4.021015167236328125e-01
3.795527815818786621e-01
3.575648665428161621e-01
3.326640129089355469e-01
3.102909922599792480e-01
2.876276671886444092e-01
2.621183991432189941e-01
2.390754520893096924e-01
2.163379490375518799e-01
1.900065541267395020e-01
1.669703871011734009e-01
1.446000486612319946e-01
1.221572384238243103e-01
9.734520316123962402e-02
7.631010562181472778e-02
5.589737370610237122e-02
3.361770883202552795e-02
1.556906104087829590e-02
0.000000000000000000e+00
0.000000000000000000e+00
0.000000000000000000e+00
0.000000000000000000e+00
0.000000000000000000e+00
0.000000000000000000e+00
0.000000000000000000e+00
0.000000000000000000e+00
0.000000000000000000e+00
0.000000000000000000e+00
0.000000000000000000e+00
0.000000000000000000e+00
0.000000000000000000e+00
0.000000000000000000e+00
1.453261636197566986e-02
4.159042611718177795e-02
6.674318015575408936e-02
9.494113922119140625e-02
1.299168020486831665e-01
1.623125076293945312e-01
1.971541494131088257e-01
2.392020076513290405e-01
2.779838740825653076e-01
3.167085647583007812e-01
3.634794950485229492e-01
4.037159979343414307e-01
4.442014992237091064e-01
4.850788116455078125e-01
5.318860411643981934e-01
5.723639726638793945e-01
6.107338666915893555e-01
6.540275812149047852e-01
6.902239322662353516e-01
7.238497138023376465e-01
7.608916759490966797e-01
7.899731397628784180e-01
8.168997764587402344e-01
8.448405861854553223e-01
8.659090995788574219e-01
8.843565583229064941e-01
9.026358723640441895e-01
9.163892269134521484e-01
9.250447750091552734e-01
9.308630228042602539e-01
9.338712692260742188e-01
9.338304400444030762e-01
9.308825135231018066e-01
9.255482554435729980e-01
9.161852598190307617e-01
9.057751297950744629e-01
8.935055732727050781e-01
8.766405582427978516e-01
8.606671094894409180e-01
8.432906866073608398e-01
8.212320208549499512e-01
8.014843463897705078e-01
7.805967330932617188e-01
7.559792399406433105e-01
7.335355877876281738e-01
7.116143703460693359e-01
6.896043419837951660e-01
6.631184816360473633e-01
6.413667798042297363e-01
6.194174885749816895e-01
5.952247381210327148e-01
5.746917724609375000e-01
5.541290044784545898e-01
5.318599343299865723e-01
5.118402242660522461e-01
4.902623295783996582e-01
4.726389944553375244e-01
4.525136053562164307e-01
4.359426498413085938e-01
4.191889166831970215e-01
4.010926783084869385e-01
3.843671083450317383e-01
3.691732287406921387e-01
3.538318276405334473e-01
3.359636366367340088e-01
3.212006688117980957e-01
3.058685064315795898e-01
2.884779870510101318e-01
2.736840546131134033e-01
2.582748234272003174e-01
2.404651939868927002e-01
2.244591265916824341e-01
2.096472382545471191e-01
1.916902214288711548e-01
1.765595972537994385e-01
1.622543632984161377e-01
1.478065401315689087e-01
1.310303360223770142e-01
1.183028817176818848e-01
1.063344478607177734e-01
9.190284460783004761e-02
8.164054900407791138e-02
7.304324954748153687e-02
6.395108997821807861e-02
5.640396848320960999e-02
5.304982140660285950e-02
5.128344893455505371e-02
5.068930238485336304e-02
5.356292799115180969e-02
5.895719677209854126e-02
6.689079105854034424e-02
7.732491195201873779e-02
9.040429443120956421e-02
1.075746715068817139e-01
1.261230856180191040e-01
1.480428576469421387e-01
1.714421659708023071e-01
2.011985331773757935e-01
2.296237945556640625e-01
2.600832283496856689e-01
2.976051867008209229e-01
3.320625424385070801e-01
3.680006265640258789e-01
4.114863574504852295e-01
4.499782919883728027e-01
4.894425868988037109e-01
5.358598232269287109e-01
5.767440199851989746e-01
6.166709065437316895e-01
6.566027402877807617e-01
7.024639844894409180e-01
7.401968240737915039e-01
7.838925719261169434e-01
8.185630440711975098e-01
8.578941822052001953e-01
8.889099955558776855e-01
9.172187447547912598e-01
9.482526779174804688e-01
9.711477756500244141e-01
9.913125634193420410e-01
1.000000000000000000e+00
1.000000000000000000e+00
1.000000000000000000e+00
1.000000000000000000e+00
1.000000000000000000e+00
1.000000000000000000e+00
1.000000000000000000e+00
1.000000000000000000e+00
1.000000000000000000e+00
1.000000000000000000e+00
1.000000000000000000e+00
1.000000000000000000e+00
9.907620549201965332e-01
9.705936312675476074e-01
9.514115452766418457e-01
9.302937388420104980e-01
9.048872590065002441e-01
8.822144865989685059e-01
8.582606315612792969e-01
8.309416770935058594e-01
8.054341673851013184e-01
7.767452597618103027e-01
7.517419457435607910e-01
7.237351536750793457e-01
6.999735236167907715e-01
6.761372685432434082e-01
6.532769799232482910e-01
6.275366544723510742e-01
6.055102944374084473e-01
5.845319032669067383e-01
5.608997941017150879e-01
5.412248373031616211e-01
5.218032598495483398e-01
5.005452632904052734e-01
4.825770854949951172e-01
4.647838473320007324e-01
4.452915191650390625e-01
4.282785058021545410e-01
4.116846323013305664e-01
3.950861096382141113e-01
3.756364881992340088e-01
3.592128753662109375e-01
3.426786959171295166e-01
3.234249651432037354e-01
3.066425621509552002e-01
2.897570431232452393e-01
2.697021067142486572e-01
2.524903416633605957e-01
2.350890636444091797e-01
2.138557732105255127e-01
1.933377087116241455e-01
1.759215593338012695e-01
1.589299589395523071e-01
1.386968195438385010e-01
1.232241317629814148e-01
1.077073961496353149e-01
9.197695553302764893e-02
7.522191852331161499e-02
6.224314495921134949e-02
5.088951438665390015e-02
3.833255171775817871e-02
3.023914620280265808e-02
2.389547973871231079e-02
1.781641319394111633e-02
1.574831642210483551e-02
1.531257480382919312e-02
1.738239452242851257e-02
2.252395264804363251e-02
2.982253767549991608e-02
4.146136716008186340e-02
5.374121665954589844e-02
6.904329359531402588e-02
8.615130931138992310e-02
1.099255979061126709e-01
1.326922476291656494e-01
1.569768190383911133e-01
1.888162046670913696e-01
2.173433452844619751e-01
2.542016804218292236e-01
2.866789102554321289e-01
3.261021971702575684e-01
3.609059453010559082e-01
3.957714140415191650e-01
4.385875463485717773e-01
4.747100472450256348e-01
5.093467831611633301e-01
5.515695810317993164e-01
5.857606530189514160e-01
6.195823550224304199e-01
6.522295475006103516e-01
6.887645125389099121e-01
7.181077599525451660e-01
7.455688118934631348e-01
7.757801413536071777e-01
7.983437180519104004e-01
8.190848827362060547e-01
8.406535387039184570e-01
8.557068705558776855e-01
8.686552047729492188e-01
8.804036378860473633e-01
8.866569399833679199e-01
8.916408419609069824e-01
8.945909142494201660e-01
8.945455551147460938e-01
8.919647932052612305e-01
8.875145316123962402e-01
8.793660998344421387e-01
8.685454726219177246e-01
8.580962419509887695e-01
8.468335270881652832e-01
8.309090733528137207e-01
8.165606260299682617e-01
8.013703227043151855e-01
7.821699380874633789e-01
7.657637596130371094e-01
7.489480376243591309e-01
7.279791235923767090e-01
7.109830379486083984e-01
6.940531730651855469e-01
6.746932864189147949e-01
6.582487821578979492e-01
6.424074172973632812e-01
6.266676187515258789e-01
6.086618304252624512e-01
5.938231945037841797e-01
5.793619155883789062e-01
5.629872083663940430e-01
5.492879152297973633e-01
5.362707972526550293e-01
5.208034515380859375e-01
5.076197385787963867e-01
4.950873553752899170e-01
4.794905781745910645e-01
4.665358066558837891e-01
4.527297019958496094e-01
4.384962320327758789e-01
4.191194474697113037e-01
4.035788476467132568e-01
3.879344463348388672e-01
3.709464371204376221e-01
3.503501713275909424e-01
3.322468698024749756e-01
3.126882016658782959e-01
2.898103594779968262e-01
2.685200273990631104e-01
2.467561066150665283e-01
2.206667065620422363e-01
1.972450166940689087e-01
1.741724908351898193e-01
1.465238779783248901e-01
1.226127967238426208e-01
9.803038835525512695e-02
7.354751974344253540e-02
4.700221121311187744e-02
2.341469936072826385e-02
4.570224555209279060e-04
0.000000000000000000e+00
0.000000000000000000e+00
0.000000000000000000e+00
0.000000000000000000e+00
0.000000000000000000e+00
0.000000000000000000e+00
0.000000000000000000e+00
0.000000000000000000e+00
0.000000000000000000e+00
0.000000000000000000e+00
0.000000000000000000e+00
0.000000000000000000e+00
0.000000000000000000e+00
0.000000000000000000e+00
0.000000000000000000e+00
0.000000000000000000e+00
0.000000000000000000e+00
0.000000000000000000e+00
0.000000000000000000e+00
0.000000000000000000e+00
0.000000000000000000e+00
0.000000000000000000e+00
1.200565602630376816e-02
4.035827890038490295e-02
6.382729113101959229e-02
8.736507594585418701e-02
1.180918514728546143e-01
1.420841515064239502e-01
1.656496673822402954e-01
1.889004409313201904e-01
2.173000127077102661e-01
2.384950220584869385e-01
2.588855028152465820e-01
2.824365198612213135e-01
2.998965680599212646e-01
3.155484795570373535e-01
3.332794308662414551e-01
3.457453846931457520e-01
3.579711019992828369e-01
3.667764365673065186e-01
3.738294541835784912e-01
3.789849281311035156e-01
3.828568756580352783e-01
3.841507732868194580e-01
3.845803141593933105e-01
3.832374215126037598e-01
3.813252449035644531e-01
3.764441013336181641e-01
3.718434274196624756e-01
3.671605885028839111e-01
3.585351109504699707e-01
3.527871668338775635e-01
3.467717170715332031e-01
3.375017344951629639e-01
3.317333459854125977e-01
3.254574239253997803e-01
3.166804015636444092e-01
3.111924529075622559e-01
3.068632781505584717e-01
2.997727394104003906e-01
2.961350381374359131e-01
2.937826216220855713e-01
2.921642959117889404e-01
2.881636023521423340e-01
2.872911095619201660e-01
2.875703573226928711e-01
2.875615954399108887e-01
2.857263982295989990e-01
2.880115807056427002e-01
2.898167967796325684e-01
2.888121604919433594e-01
2.913419604301452637e-01
2.924762368202209473e-01
2.913780510425567627e-01
2.916885316371917725e-01
2.917865216732025146e-01
2.886627912521362305e-01
2.867245972156524658e-01
2.846164107322692871e-01
2.806744277477264404e-01
2.730992734432220459e-01
2.670416533946990967e-01
2.595526278018951416e-01
2.479548901319503784e-01
2.379958033561706543e-01
2.270204722881317139e-01
2.117110341787338257e-01
1.984637379646301270e-01
1.843820959329605103e-01
1.659491956233978271e-01
1.502023339271545410e-01
1.339537799358367920e-01
1.172885522246360779e-01
9.749050438404083252e-02
8.087544143199920654e-02
6.117876619100570679e-02
4.529676213860511780e-02
2.800084277987480164e-02
1.364232879132032394e-02
5.467500886879861355e-04
0.000000000000000000e+00
0.000000000000000000e+00
0.000000000000000000e+00
0.000000000000000000e+00
0.000000000000000000e+00
0.000000000000000000e+00
0.000000000000000000e+00
0.000000000000000000e+00
0.000000000000000000e+00
0.000000000000000000e+00
0.000000000000000000e+00
0.000000000000000000e+00
0.000000000000000000e+00
1.527282968163490295e-02
2.943057380616664886e-02
4.562681913375854492e-02
7.006005197763442993e-02
8.831901103258132935e-02
1.085831075906753540e-01
1.357151865959167480e-01
1.571762710809707642e-01
1.782468259334564209e-01
2.060213685035705566e-01
2.274067699909210205e-01
2.520047128200531006e-01
2.721664011478424072e-01
2.965991199016571045e-01
3.139548301696777344e-01
3.307168781757354736e-01
3.455395102500915527e-01
3.636353313922882080e-01
3.744911551475524902e-01
3.842695355415344238e-01
3.959915339946746826e-01
4.019614756107330322e-01
4.067496061325073242e-01
4.103804826736450195e-01
4.113173484802246094e-01
4.101797044277191162e-01
4.071497321128845215e-01
4.031581282615661621e-01
3.972383439540863037e-01
3.908651471138000488e-01
3.811153173446655273e-01
3.722442686557769775e-01
3.630572557449340820e-01
3.502233326435089111e-01
3.399842381477355957e-01
3.305022120475769043e-01
3.167931139469146729e-01
3.062435984611511230e-01
2.961527407169342041e-01
2.830827832221984863e-01
2.717741131782531738e-01
2.634185850620269775e-01
2.557259500026702881e-01
2.455790936946868896e-01
2.399516403675079346e-01
2.348802536725997925e-01
2.305989116430282593e-01
2.243507951498031616e-01
2.218737304210662842e-01
2.199829369783401489e-01
2.163438498973846436e-01
2.157215625047683716e-01
2.166875600814819336e-01
2.147141695022583008e-01
2.157049030065536499e-01
2.165397703647613525e-01
2.147193849086761475e-01
2.154442667961120605e-01
2.155600488185882568e-01
2.132646143436431885e-01
2.129447758197784424e-01
2.116529792547225952e-01
2.102115303277969360e-01
2.048261314630508423e-01
2.025988101959228516e-01
1.989983022212982178e-01
1.911332309246063232e-01
1.859617680311203003e-01
