1.722288876771926880e-01
1.623698621988296509e-01
1.517631560564041138e-01
1.446652710437774658e-01
1.367858350276947021e-01
1.243228316307067871e-01
1.130370050668716431e-01
1.042524203658103943e-01
9.239286184310913086e-02
8.178601413965225220e-02
7.472165673971176147e-02
6.702403724193572998e-02
5.849676206707954407e-02
5.341836437582969666e-02
4.645029455423355103e-02
4.151112958788871765e-02
3.796468675136566162e-02
3.439705818891525269e-02
3.134743869304656982e-02
2.976527810096740723e-02
2.864884026348590851e-02
2.781357802450656891e-02
2.766267955303192139e-02
2.784056216478347778e-02
2.759842202067375183e-02
2.921760268509387970e-02
2.931510098278522491e-02
2.947851642966270447e-02
3.080714121460914612e-02
3.179584443569183350e-02
3.368268162012100220e-02
3.572204709053039551e-02
3.810369595885276794e-02
4.077307134866714478e-02
4.455651715397834778e-02
4.995233565568923950e-02
5.496633425354957581e-02
6.304939091205596924e-02
7.311895489692687988e-02
8.186154812574386597e-02
9.508259594440460205e-02
1.094344183802604675e-01
1.227322369813919067e-01
1.432368159294128418e-01
1.664156019687652588e-01
1.851643174886703491e-01
2.130066603422164917e-01
2.422804385423660278e-01
2.687482237815856934e-01
2.940162122249603271e-01
3.284397125244140625e-01
3.652564585208892822e-01
3.938536345958709717e-01
4.312248528003692627e-01
4.698936939239501953e-01
4.986194372177124023e-01
5.277681946754455566e-01
5.641532540321350098e-01
5.892570018768310547e-01
6.232604980468750000e-01
6.538068652153015137e-01
6.822222471237182617e-01
7.024447321891784668e-01
7.249829769134521484e-01
7.412375807762145996e-01
7.539005279541015625e-01
7.673694491386413574e-01
7.806490659713745117e-01
7.859039306640625000e-01
7.919505238533020020e-01
7.966975569725036621e-01
7.968432307243347168e-01
7.966345548629760742e-01
7.950829863548278809e-01
7.919270992279052734e-01
7.887403964996337891e-01
7.838566899299621582e-01
7.782092690467834473e-01
7.755261063575744629e-01
7.714779376983642578e-01
7.679201960563659668e-01
7.650526165962219238e-01
7.621956467628479004e-01
7.611237764358520508e-01
7.598201036453247070e-01
7.594075798988342285e-01
7.620454430580139160e-01
7.622804045677185059e-01
7.650538682937622070e-01
7.673097848892211914e-01
7.677631378173828125e-01
7.712693214416503906e-01
7.724481821060180664e-01
7.730199694633483887e-01
7.727342247962951660e-01
7.707191705703735352e-01
7.684156894683837891e-01
7.635349035263061523e-01
7.553204894065856934e-01
7.454490661621093750e-01
7.360603213310241699e-01
7.213608026504516602e-01
7.079781293869018555e-01
6.930868029594421387e-01
6.714776158332824707e-01
6.470277905464172363e-01
6.207953095436096191e-01
5.994192361831665039e-01
5.703004002571105957e-01
5.455046296119689941e-01
5.227061510086059570e-01
4.914842844009399414e-01
4.608426690101623535e-01
4.369704127311706543e-01
4.068414270877838135e-01
3.789072632789611816e-01
3.575443327426910400e-01
3.345076739788055420e-01
3.122674524784088135e-01
2.948480844497680664e-01
2.743745744228363037e-01
2.577564418315887451e-01
2.422193586826324463e-01
2.325171828269958496e-01
2.218271642923355103e-01
2.121977359056472778e-01
2.064004391431808472e-01
2.005661576986312866e-01
1.956311911344528198e-01
1.929951161146163940e-01
1.895633339881896973e-01
1.867762207984924316e-01
1.847561299800872803e-01
1.816528588533401489e-01
1.792543381452560425e-01
1.762356907129287720e-01
1.714874655008316040e-01
1.666798591613769531e-01
1.589755862951278687e-01
1.536624431610107422e-01
1.480309963226318359e-01
1.380364596843719482e-01
1.301105767488479614e-01
1.173693612217903137e-01
1.045775339007377625e-01
9.523341804742813110e-02
8.150511980056762695e-02
7.158581912517547607e-02
6.162032857537269592e-02
4.715357348322868347e-02
3.375615552067756653e-02
2.183716185390949249e-02
1.199981756508350372e-02
1.011550077237188816e-03
0.000000000000000000e+00
0.000000000000000000e+00
0.000000000000000000e+00
0.000000000000000000e+00
0.000000000000000000e+00
0.000000000000000000e+00
0.000000000000000000e+00
0.000000000000000000e+00
0.000000000000000000e+00
0.000000000000000000e+00
0.000000000000000000e+00
0.000000000000000000e+00
0.000000000000000000e+00
0.000000000000000000e+00
0.000000000000000000e+00
0.000000000000000000e+00
0.000000000000000000e+00
0.000000000000000000e+00
2.147751860320568085e-03
8.783404715359210968e-03
1.392879988998174667e-02
2.062457799911499023e-02
2.852574922144412994e-02
3.509867936372756958e-02
4.369588568806648254e-02
5.373767763376235962e-02
6.250580400228500366e-02
7.594276219606399536e-02
9.048177301883697510e-02
1.070358827710151672e-01
1.218314245343208313e-01
1.405342817306518555e-01
1.623466312885284424e-01
1.816331595182418823e-01
2.089361101388931274e-01
2.376134693622589111e-01
2.624723613262176514e-01
2.956227064132690430e-01
3.255969583988189697e-01
3.540338277816772461e-01
3.914610743522644043e-01
4.314073026180267334e-01
4.717713892459869385e-01
5.025317668914794922e-01
5.429231524467468262e-01
5.747928023338317871e-01
6.047403812408447266e-01
6.427940726280212402e-01
6.786694526672363281e-01
7.050405144691467285e-01
7.375313043594360352e-01
7.671869993209838867e-01
7.870767116546630859e-01
8.107759356498718262e-01
8.269953727722167969e-01
8.400570750236511230e-01
8.542635440826416016e-01
8.670314550399780273e-01
8.750159740447998047e-01
8.795517683029174805e-01
8.836058378219604492e-01
8.823339939117431641e-01
8.814674019813537598e-01
8.795800209045410156e-01
8.750575184822082520e-01
8.723883032798767090e-01
8.659086227416992188e-01
8.609411716461181641e-01
8.565750122070312500e-01
8.508228659629821777e-01
8.464143276214599609e-01
8.420180678367614746e-01
8.378972411155700684e-01
8.354031443595886230e-01
8.330111503601074219e-01
8.325859308242797852e-01
8.332287073135375977e-01
8.329613804817199707e-01
8.340311646461486816e-01
8.353664278984069824e-01
8.357035517692565918e-01
8.370746970176696777e-01
8.378660082817077637e-01
8.374876379966735840e-01
8.360189199447631836e-01
8.336846232414245605e-01
8.301714062690734863e-01
8.234983682632446289e-01
8.170723915100097656e-01
8.068338036537170410e-01
7.934120893478393555e-01
7.816581130027770996e-01
7.683793306350708008e-01
7.486832141876220703e-01
7.317267060279846191e-01
7.074269652366638184e-01
6.820098161697387695e-01
6.610504388809204102e-01
6.322922706604003906e-01
6.078956723213195801e-01
5.848709940910339355e-01
5.549329519271850586e-01
5.243494510650634766e-01
4.951470494270324707e-01
4.730974137783050537e-01
4.454638659954071045e-01
4.235569536685943604e-01
4.037570357322692871e-01
3.817090690135955811e-01
3.615765869617462158e-01
3.455606698989868164e-01
3.306388556957244873e-01
3.167308568954467773e-01
3.076088130474090576e-01
2.984891831874847412e-01
2.895536720752716064e-01
2.838966250419616699e-01
2.804502546787261963e-01
2.764253616333007812e-01
2.732361853122711182e-01
2.710896432399749756e-01
2.697009444236755371e-01
2.680365443229675293e-01
2.663518190383911133e-01
2.644971311092376709e-01
2.610075175762176514e-01
2.578636407852172852e-01
2.529619634151458740e-01
2.454090118408203125e-01
2.394466400146484375e-01
2.342391312122344971e-01
2.229243963956832886e-01
2.117946594953536987e-01
2.024419158697128296e-01
1.884860247373580933e-01
1.747256517410278320e-01
1.622820049524307251e-01
1.518363654613494873e-01
1.367789357900619507e-01
1.242951080203056335e-01
1.095339730381965637e-01
9.505367279052734375e-02
8.392469584941864014e-02
7.080156356096267700e-02
6.106313690543174744e-02
5.182122811675071716e-02
4.127799347043037415e-02
3.153870254755020142e-02
2.415191009640693665e-02
1.863092556595802307e-02
1.343855261802673340e-02
8.901675231754779816e-03
4.912519827485084534e-03
2.580865053460001945e-03
9.604355727788060904e-05
0.000000000000000000e+00
0.000000000000000000e+00
0.000000000000000000e+00
0.000000000000000000e+00
0.000000000000000000e+00
0.000000000000000000e+00
0.000000000000000000e+00
0.000000000000000000e+00
0.000000000000000000e+00
0.000000000000000000e+00
0.000000000000000000e+00
2.766224322840571404e-03
4.398629534989595413e-03
7.614654954522848129e-03
1.266728527843952179e-02
1.761521585285663605e-02
2.527712658047676086e-02
3.374446183443069458e-02
4.469244182109832764e-02
5.566971376538276672e-02
6.808592379093170166e-02
8.499696850776672363e-02
1.052081286907196045e-01
1.223705410957336426e-01
1.480583250522613525e-01
1.746568232774734497e-01
1.966949254274368286e-01
2.226330786943435669e-01
2.553835213184356689e-01
2.814393341541290283e-01
3.163204789161682129e-01
3.531949818134307861e-01
3.814509212970733643e-01
4.193111956119537354e-01
4.477187395095825195e-01
4.752065241336822510e-01
5.108279585838317871e-01
5.452048182487487793e-01
5.772995352745056152e-01
5.994075536727905273e-01
6.272550821304321289e-01
6.470968723297119141e-01
6.694299578666687012e-01
6.850922107696533203e-01
7.016491293907165527e-01
7.122110724449157715e-01
7.244168519973754883e-01
7.324693799018859863e-01
7.369970679283142090e-01
7.414223551750183105e-01
7.420443892478942871e-01
7.421422600746154785e-01
7.414853572845458984e-01
7.393756508827209473e-01
7.359390854835510254e-01
7.335226535797119141e-01
7.300609350204467773e-01
7.274503111839294434e-01
7.254248261451721191e-01
7.229998111724853516e-01
7.216624021530151367e-01
7.214820384979248047e-01
7.221058011054992676e-01
7.236766219139099121e-01
7.260673046112060547e-01
7.302054762840270996e-01
7.343264222145080566e-01
7.389362454414367676e-01
7.439782023429870605e-01
7.486934661865234375e-01
7.543202638626098633e-01
7.591418623924255371e-01
7.628635168075561523e-01
7.667681574821472168e-01
7.681713700294494629e-01
7.682195901870727539e-01
7.665312886238098145e-01
7.631354331970214844e-01
7.573286890983581543e-01
7.495052218437194824e-01
7.408794760704040527e-01
7.319673299789428711e-01
7.164880633354187012e-01
6.980154514312744141e-01
6.837347745895385742e-01
6.602661013603210449e-01
6.375928521156311035e-01
6.185324788093566895e-01
5.976324081420898438e-01
5.717726349830627441e-01
5.506227612495422363e-01
5.251928567886352539e-01
4.984427094459533691e-01
4.773989021778106689e-01
4.543659090995788574e-01
4.344024062156677246e-01
4.123735427856445312e-01
3.972190916538238525e-01
3.791005611419677734e-01
3.623332679271697998e-01
3.523011803627014160e-01
3.397187292575836182e-01
3.300564587116241455e-01
3.241075873374938965e-01
3.167813420295715332e-01
3.119877278804779053e-01
3.087545335292816162e-01
3.060191571712493896e-01
3.042474091053009033e-01
3.030520677566528320e-01
3.011087775230407715e-01
2.996025383472442627e-01
2.974537611007690430e-01
2.958659529685974121e-01
2.919169068336486816e-01
2.873409688472747803e-01
2.834288775920867920e-01
2.754457592964172363e-01
2.701128721237182617e-01
2.632253468036651611e-01
2.521252036094665527e-01
2.396269738674163818e-01
2.295710742473602295e-01
2.154912352561950684e-01
2.003816813230514526e-01
1.894297450780868530e-01
1.762055754661560059e-01
1.602592617273330688e-01
1.439110189676284790e-01
1.318414807319641113e-01
1.165642961859703064e-01
1.015919744968414307e-01
9.119705110788345337e-02
8.121171593666076660e-02
6.875524669885635376e-02
6.026973202824592590e-02
5.132914707064628601e-02
4.363267868757247925e-02
3.826472535729408264e-02
3.264181315898895264e-02
2.776543982326984406e-02
2.435197867453098297e-02
2.257831953465938568e-02
2.019438892602920532e-02
1.969251967966556549e-02
2.036171779036521912e-02
2.002838067710399628e-02
2.027302235364913940e-02
2.219713293015956879e-02
2.315520495176315308e-02
2.472606673836708069e-02
2.639940753579139709e-02
2.960270270705223083e-02
3.305872529745101929e-02
3.668108582496643066e-02
4.070568457245826721e-02
4.543187469244003296e-02
5.249175801873207092e-02
5.839379876852035522e-02
6.675150245428085327e-02
7.854080200195312500e-02
8.820602297782897949e-02
1.030090972781181335e-01
1.181010156869888306e-01
1.326045244932174683e-01
1.533885300159454346e-01
1.774099320173263550e-01
1.976622194051742554e-01
2.262513637542724609e-01
2.573550045490264893e-01
2.856387197971343994e-01
3.121961653232574463e-01
3.489300906658172607e-01
3.883738219738006592e-01
4.180258512496948242e-01
4.591309428215026855e-01
5.000138878822326660e-01
5.314782857894897461e-01
5.649139285087585449e-01
6.043270826339721680e-01
6.339908242225646973e-01
6.722061634063720703e-01
7.080112099647521973e-01
7.336583733558654785e-01
7.649328708648681641e-01
7.880536317825317383e-01
8.132964968681335449e-01
8.311935067176818848e-01
8.505601882934570312e-01
8.668952584266662598e-01
8.785655498504638672e-01
8.888840079307556152e-01
8.970949053764343262e-01
9.015899300575256348e-01
9.034755229949951172e-01
9.057134985923767090e-01
9.061247110366821289e-01
9.043626785278320312e-01
9.015821218490600586e-01
8.998565673828125000e-01
8.969573378562927246e-01
8.940599560737609863e-01
8.920379877090454102e-01
8.897867202758789062e-01
8.874531984329223633e-01
8.856077194213867188e-01
8.853616118431091309e-01
8.861353397369384766e-01
8.871943950653076172e-01
8.888289928436279297e-01
8.904595375061035156e-01
8.930349946022033691e-01
8.965682387351989746e-01
8.979365825653076172e-01
9.002403020858764648e-01
9.028074741363525391e-01
9.019590616226196289e-01
9.022655487060546875e-01
9.004759192466735840e-01
8.960028886795043945e-01
8.906643986701965332e-01
8.811371326446533203e-01
8.730726838111877441e-01
8.600949645042419434e-01
8.463587164878845215e-01
8.331423401832580566e-01
8.119429945945739746e-01
7.884838581085205078e-01
7.695543169975280762e-01
7.413021922111511230e-01
7.125641703605651855e-01
6.879627704620361328e-01
6.628543734550476074e-01
6.313292384147644043e-01
5.978043675422668457e-01
5.736527442932128906e-01
5.416518449783325195e-01
5.094947814941406250e-01
4.871531426906585693e-01
4.615717530250549316e-01
4.343742430210113525e-01
4.154054224491119385e-01
3.909453153610229492e-01
3.697494268417358398e-01
3.513247966766357422e-01
3.377323150634765625e-01
3.232704997062683105e-01
3.109085857868194580e-01
3.025750517845153809e-01
2.928869426250457764e-01
2.852684259414672852e-01
2.798089087009429932e-01
2.735452055931091309e-01
2.683203816413879395e-01
2.640937268733978271e-01
2.591866850852966309e-01
2.541622817516326904e-01
2.508350312709808350e-01
2.446964234113693237e-01
2.374387383460998535e-01
2.317872047424316406e-01
2.218830138444900513e-01
2.149188965559005737e-01
2.035091370344161987e-01
1.941224038600921631e-01
1.817644089460372925e-01
1.676810681819915771e-01
1.558186560869216919e-01
1.398276984691619873e-01
1.292051225900650024e-01
1.165883615612983704e-01
9.990317374467849731e-02
8.443052321672439575e-02
7.281251996755599976e-02
5.826566740870475769e-02
4.445278644561767578e-02
3.407537564635276794e-02
2.540235966444015503e-02
1.435444317758083344e-02
4.965789616107940674e-03
0.000000000000000000e+00
0.000000000000000000e+00
0.000000000000000000e+00
0.000000000000000000e+00
0.000000000000000000e+00
0.000000000000000000e+00
0.000000000000000000e+00
0.000000000000000000e+00
0.000000000000000000e+00
0.000000000000000000e+00
0.000000000000000000e+00
0.000000000000000000e+00
0.000000000000000000e+00
0.000000000000000000e+00
0.000000000000000000e+00
0.000000000000000000e+00
1.601204974576830864e-03
5.875919014215469360e-03
1.134178787469863892e-02
1.533811073750257492e-02
1.998992636799812317e-02
2.770162746310234070e-02
3.402123600244522095e-02
4.332618787884712219e-02
5.422820895910263062e-02
6.678514182567596436e-02
7.808460295200347900e-02
9.270357340574264526e-02
1.107521653175354004e-01
1.258305460214614868e-01
1.484759747982025146e-01
1.742960959672927856e-01
1.943739652633666992e-01
2.243612408638000488e-01
2.501334249973297119e-01
2.746127843856811523e-01
3.096281290054321289e-01
3.445323407649993896e-01
3.813857734203338623e-01
4.097070693969726562e-01
4.472312331199645996e-01
4.774133861064910889e-01
5.050060749053955078e-01
5.413116216659545898e-01
5.767070055007934570e-01
6.012759208679199219e-01
6.329010128974914551e-01
6.619532108306884766e-01
6.806900501251220703e-01
6.988550424575805664e-01
7.188671827316284180e-01
7.332786321640014648e-01
7.483628392219543457e-01
7.584707736968994141e-01
7.671014070510864258e-01
7.705546617507934570e-01
7.733448147773742676e-01
7.731028795242309570e-01
7.702725529670715332e-01
7.673892974853515625e-01
7.628335356712341309e-01
7.566937804222106934e-01
7.497416138648986816e-01
7.426499128341674805e-01
7.354089617729187012e-01
7.287088632583618164e-01
7.203143239021301270e-01
7.157568335533142090e-01
7.094873189926147461e-01
7.037035226821899414e-01
6.995512247085571289e-01
6.959985494613647461e-01
6.956198811531066895e-01
6.944723129272460938e-01
6.936191320419311523e-01
6.938843131065368652e-01
6.952933669090270996e-01
6.946280598640441895e-01
6.954324245452880859e-01
6.960195302963256836e-01
6.963133215904235840e-01
6.953021287918090820e-01
6.925841569900512695e-01
6.875418424606323242e-01
6.843700408935546875e-01
6.757911443710327148e-01
6.685879826545715332e-01
6.561264395713806152e-01
6.450456976890563965e-01
6.299450397491455078e-01
6.157224178314208984e-01
5.957441926002502441e-01
5.731838345527648926e-01
5.546777844429016113e-01
5.301434397697448730e-01
5.085990428924560547e-01
4.880980253219604492e-01
4.619563519954681396e-01
4.341411888599395752e-01
4.074847698211669922e-01
3.878954648971557617e-01
3.628072738647460938e-01
3.426755964756011963e-01
3.261733651161193848e-01
3.057434558868408203e-01
2.879341542720794678e-01
2.757257223129272461e-01
2.612314224243164062e-01
2.508386671543121338e-01
2.435637116432189941e-01
2.365308254957199097e-01
2.323901504278182983e-01
2.292059063911437988e-01
2.277491837739944458e-01
2.283296436071395874e-01
2.290196716785430908e-01
2.304943203926086426e-01
2.326926589012145996e-01
2.356792539358139038e-01
2.380720973014831543e-01
2.402011454105377197e-01
2.421104758977890015e-01
2.430095523595809937e-01
2.420507967472076416e-01
2.429189383983612061e-01
2.382982075214385986e-01
2.371731698513031006e-01
2.325631827116012573e-01
2.241400331258773804e-01
2.185530364513397217e-01
2.089920192956924438e-01
1.974776685237884521e-01
1.885410100221633911e-01
1.804468184709548950e-01
1.667325645685195923e-01
1.568183004856109619e-01
1.422748267650604248e-01
1.286857426166534424e-01
1.180242225527763367e-01
1.047028824687004089e-01
9.348215907812118530e-02
8.419764786958694458e-02
7.267465442419052124e-02
6.107179820537567139e-02
5.110386759042739868e-02
4.379693046212196350e-02
3.505880385637283325e-02
2.691296301782131195e-02
2.119014039635658264e-02
1.379042398184537888e-02
6.952140945941209793e-03
2.273181686177849770e-03
0.000000000000000000e+00
0.000000000000000000e+00
0.000000000000000000e+00
0.000000000000000000e+00
0.000000000000000000e+00
0.000000000000000000e+00
0.000000000000000000e+00
0.000000000000000000e+00
0.000000000000000000e+00
0.000000000000000000e+00
0.000000000000000000e+00
0.000000000000000000e+00
0.000000000000000000e+00
0.000000000000000000e+00
0.000000000000000000e+00
0.000000000000000000e+00
0.000000000000000000e+00
0.000000000000000000e+00
0.000000000000000000e+00
0.000000000000000000e+00
0.000000000000000000e+00
0.000000000000000000e+00
0.000000000000000000e+00
0.000000000000000000e+00
0.000000000000000000e+00
0.000000000000000000e+00
0.000000000000000000e+00
0.000000000000000000e+00
0.000000000000000000e+00
1.555811427533626556e-02
3.758141025900840759e-02
5.435866862535476685e-02
7.849784940481185913e-02
9.499606490135192871e-02
1.117845550179481506e-01
1.348736435174942017e-01
1.574923992156982422e-01
1.771047413349151611e-01
1.915208399295806885e-01
2.079877406358718872e-01
2.168369740247726440e-01
2.268550843000411987e-01
2.365024089813232422e-01
2.445168048143386841e-01
2.476668059825897217e-01
2.507157325744628906e-01
2.509306073188781738e-01
2.487731426954269409e-01
2.447037845849990845e-01
2.387385964393615723e-01
2.320257425308227539e-01
2.236630022525787354e-01
2.154527008533477783e-01
2.044254392385482788e-01
1.963354945182800293e-01
1.864936053752899170e-01
1.776873618364334106e-01
1.720478236675262451e-01
1.639788448810577393e-01
1.578994244337081909e-01
1.541407406330108643e-01
1.508689373731613159e-01
1.501398682594299316e-01
1.498097926378250122e-01
1.523651331663131714e-01
1.563523709774017334e-01
1.608768999576568604e-01
1.662322282791137695e-01
1.737003326416015625e-01
1.812175065279006958e-01
1.888538599014282227e-01
1.979190111160278320e-01
2.059430480003356934e-01
2.134257405996322632e-01
2.213162630796432495e-01
2.268497794866561890e-01
2.315323352813720703e-01
2.354438900947570801e-01
2.396150678396224976e-01
2.381062358617782593e-01
2.397209554910659790e-01
2.365900278091430664e-01
2.311643809080123901e-01
2.260070890188217163e-01
2.180099189281463623e-01
2.078493237495422363e-01
1.997230201959609985e-01
1.938277333974838257e-01
1.810984313488006592e-01
1.725301146507263184e-01
1.597675383090972900e-01
1.478902548551559448e-01
1.397627592086791992e-01
1.289596110582351685e-01
1.237870529294013977e-01
1.175437644124031067e-01
1.132310181856155396e-01
1.093970313668251038e-01
1.086801588535308838e-01
1.084065288305282593e-01
1.109407395124435425e-01
1.165437996387481689e-01
1.207157596945762634e-01
1.302460283041000366e-01
1.390553116798400879e-01
1.470607072114944458e-01
1.603746116161346436e-01
1.724610924720764160e-01
1.835158616304397583e-01
1.958898454904556274e-01
2.085814028978347778e-01
2.223342210054397583e-01
2.310943305492401123e-01
2.421990782022476196e-01
2.510440051555633545e-01
2.573779225349426270e-01
2.666016221046447754e-01
2.698702216148376465e-01
2.725612223148345947e-01
2.738507688045501709e-01
2.716060280799865723e-01
2.700135409832000732e-01
2.654008269309997559e-01
2.578973174095153809e-01
2.528550922870635986e-01
2.479443699121475220e-01
2.368690818548202515e-01
2.256337553262710571e-01
2.165440171957015991e-01
2.040580958127975464e-01
1.915645450353622437e-01
1.818856745958328247e-01
1.722566783428192139e-01
1.594855934381484985e-01
1.501393914222717285e-01
1.384159028530120850e-01
1.268759965896606445e-01
1.186887770891189575e-01
1.081805676221847534e-01
9.815349429845809937e-02
8.884273469448089600e-02
8.101708441972732544e-02
7.161168009042739868e-02
6.364180892705917358e-02
5.588879808783531189e-02
4.767442867159843445e-02
3.687701374292373657e-02
2.879413217306137085e-02
1.934848167002201080e-02
9.252118878066539764e-03
6.177678587846457958e-04
0.000000000000000000e+00
0.000000000000000000e+00
0.000000000000000000e+00
0.000000000000000000e+00
0.000000000000000000e+00
0.000000000000000000e+00
0.000000000000000000e+00
0.000000000000000000e+00
0.000000000000000000e+00
0.000000000000000000e+00
0.000000000000000000e+00
0.000000000000000000e+00
0.000000000000000000e+00
0.000000000000000000e+00
0.000000000000000000e+00
0.000000000000000000e+00
0.000000000000000000e+00
0.000000000000000000e+00
0.000000000000000000e+00
0.000000000000000000e+00
0.000000000000000000e+00
0.000000000000000000e+00
4.118766169995069504e-03
2.607619762420654297e-02
4.959880560636520386e-02
6.772717833518981934e-02
8.395614475011825562e-02
1.090153902769088745e-01
1.271558851003646851e-01
1.498700380325317383e-01
1.728390902280807495e-01
1.875346601009368896e-01
2.071521729230880737e-01
2.174644470214843750e-01
2.333371341228485107e-01
2.425811737775802612e-01
2.524133026599884033e-01
2.616598010063171387e-01
2.647761702537536621e-01
2.680550813674926758e-01
2.673878073692321777e-01
2.686747312545776367e-01
2.654810547828674316e-01
2.617945671081542969e-01
2.567232549190521240e-01
2.525545060634613037e-01
2.460216283798217773e-01
2.403702586889266968e-01
2.350195795297622681e-01
2.298040986061096191e-01
2.248066365718841553e-01
2.227295190095901489e-01
2.199038565158843994e-01
2.186915278434753418e-01
2.186105251312255859e-01
2.203507870435714722e-01
2.254504412412643433e-01
2.286908924579620361e-01
2.358567267656326294e-01
2.426761835813522339e-01
2.496929168701171875e-01
2.594110667705535889e-01
2.683348357677459717e-01
2.789300382137298584e-01
2.883645892143249512e-01
2.969135940074920654e-01
3.059471547603607178e-01
3.135039508342742920e-01
3.191508054733276367e-01
3.251985609531402588e-01
3.272656202316284180e-01
3.305129408836364746e-01
3.309188783168792725e-01
3.286000788211822510e-01
3.247765600681304932e-01
3.173070549964904785e-01
3.102553188800811768e-01
3.001005351543426514e-01
2.870277762413024902e-01
2.778154015541076660e-01
2.672680020332336426e-01
2.505704462528228760e-01
2.342850565910339355e-01
2.223324775695800781e-01
2.050375193357467651e-01
1.908831000328063965e-01
1.787506639957427979e-01
1.684693843126296997e-01
1.570018827915191650e-01
1.476626396179199219e-01
1.400238573551177979e-01
1.317642033100128174e-01
1.273010671138763428e-01
1.250120550394058228e-01
1.241190135478973389e-01
1.237899437546730042e-01
1.264512836933135986e-01
1.297195702791213989e-01
1.342083811759948730e-01
1.393152773380279541e-01
1.462253630161285400e-01
1.531856060028076172e-01
1.591803729534149170e-01
1.663583219051361084e-01
1.746277809143066406e-01
1.793952882289886475e-01
1.848515123128890991e-01
1.885097920894622803e-01
1.929326951503753662e-01
1.956084072589874268e-01
1.948882937431335449e-01
1.936003863811492920e-01
1.919123530387878418e-01
1.869780719280242920e-01
1.810218542814254761e-01
1.757427006959915161e-01
1.660209000110626221e-01
1.608617901802062988e-01
1.536639332771301270e-01
1.418263465166091919e-01
1.295293867588043213e-01
1.207379996776580811e-01
1.095394343137741089e-01
9.801360219717025757e-02
9.039305150508880615e-02
8.185125887393951416e-02
7.235730439424514771e-02
6.311646103858947754e-02
5.687136575579643250e-02
4.977883026003837585e-02
4.404064267873764038e-02
4.034508392214775085e-02
3.631861880421638489e-02
3.337011113762855530e-02
3.130935132503509521e-02
2.904849871993064880e-02
2.890854701399803162e-02
2.788797952234745026e-02
2.784600295126438141e-02
2.747182175517082214e-02
2.756828255951404572e-02
2.870593406260013580e-02
2.920562587678432465e-02
3.016147390007972717e-02
3.135003522038459778e-02
3.253920376300811768e-02
3.373916074633598328e-02
3.620165959000587463e-02
3.837708383798599243e-02
4.195951297879219055e-02
4.549212381243705750e-02
5.156403034925460815e-02
5.841187387704849243e-02
6.587177515029907227e-02
7.544878870248794556e-02
8.581504970788955688e-02
1.001940295100212097e-01
1.132000982761383057e-01
1.312209963798522949e-01
1.533036082983016968e-01
1.719858050346374512e-01
1.975390911102294922e-01
2.214411646127700806e-01
2.447241097688674927e-01
2.765027284622192383e-01
3.101133704185485840e-01
3.375155627727508545e-01
3.739863634109497070e-01
4.118130505084991455e-01
4.423132538795471191e-01
4.711089432239532471e-01
5.085688233375549316e-01
5.457022786140441895e-01
5.718679428100585938e-01
6.063748002052307129e-01
6.384565234184265137e-01
6.614384055137634277e-01
6.825364828109741211e-01
7.086062431335449219e-01
7.251211404800415039e-01
7.442219853401184082e-01
7.622740268707275391e-01
7.741739749908447266e-01
7.820808291435241699e-01
7.881058454513549805e-01
7.928657531738281250e-01
7.964237928390502930e-01
7.973362803459167480e-01
7.956862449645996094e-01
7.950763106346130371e-01
7.907100915908813477e-01
7.859229445457458496e-01
7.832174897193908691e-01
7.782479524612426758e-01
7.745932936668395996e-01
7.702003717422485352e-01
7.662683725357055664e-01
7.634619474411010742e-01
7.611806988716125488e-01
7.611367702484130859e-01
7.604148387908935547e-01
7.604743838310241699e-01
7.622234821319580078e-01
7.628042101860046387e-01
7.651876807212829590e-01
7.673549652099609375e-01
7.689353823661804199e-01
7.705534696578979492e-01
7.733013629913330078e-01
7.730510234832763672e-01
7.725936174392700195e-01
7.710539102554321289e-01
7.653297781944274902e-01
7.602514624595642090e-01
7.537838220596313477e-01
7.456189990043640137e-01
7.334017753601074219e-01
7.169417142868041992e-01
7.035946846008300781e-01
6.828755736351013184e-01
6.595600247383117676e-01
6.411465406417846680e-01
6.141653060913085938e-01
5.910675525665283203e-01
5.689634680747985840e-01
5.385346412658691406e-01
5.086447596549987793e-01
4.772577583789825439e-01
4.527209401130676270e-01
4.233898818492889404e-01
3.978531956672668457e-01
3.757892251014709473e-01
3.495647907257080078e-01
3.245913386344909668e-01
3.073656558990478516e-01
2.856193780899047852e-01
2.668090760707855225e-01
2.544809877872467041e-01
2.402826547622680664e-01
2.278148829936981201e-01
2.198506742715835571e-01
2.106505930423736572e-01
2.041652500629425049e-01
1.986099332571029663e-01
1.953853219747543335e-01
1.913170367479324341e-01
1.883091032505035400e-01
1.861317455768585205e-01
1.834407001733779907e-01
1.806751787662506104e-01
1.781382560729980469e-01
1.738181263208389282e-01
1.708800941705703735e-01
1.664405167102813721e-01
1.596303731203079224e-01
1.513519287109375000e-01
1.451359242200851440e-01
1.348094940185546875e-01
1.228037774562835693e-01
1.155216693878173828e-01
1.014886945486068726e-01
9.226996451616287231e-02
7.873471081256866455e-02
6.750687211751937866e-02
5.412248894572257996e-02
4.069933295249938965e-02
3.062592074275016785e-02
1.837055198848247528e-02
1.044913008809089661e-02
1.706591574475169182e-03
0.000000000000000000e+00
0.000000000000000000e+00
0.000000000000000000e+00
0.000000000000000000e+00
0.000000000000000000e+00
0.000000000000000000e+00
0.000000000000000000e+00
0.000000000000000000e+00
0.000000000000000000e+00
0.000000000000000000e+00
0.000000000000000000e+00
0.000000000000000000e+00
0.000000000000000000e+00
0.000000000000000000e+00
0.000000000000000000e+00
0.000000000000000000e+00
0.000000000000000000e+00
0.000000000000000000e+00
5.238802637904882431e-03
1.006039977073669434e-02
1.625789888203144073e-02
2.369440346956253052e-02
2.979464083909988403e-02
3.859836980700492859e-02
4.744445532560348511e-02
5.586285144090652466e-02
6.824604421854019165e-02
8.049027621746063232e-02
9.414890408515930176e-02
1.091044619679450989e-01
1.283663660287857056e-01
1.497741639614105225e-01
1.674919277429580688e-01
1.934488266706466675e-01
2.219407707452774048e-01
2.448535114526748657e-01
2.724821567535400391e-01
3.071231245994567871e-01
3.336971700191497803e-01
3.718170523643493652e-01
4.107041060924530029e-01
4.407840967178344727e-01
4.813481569290161133e-01
5.138365626335144043e-01
5.444345474243164062e-01
5.844421386718750000e-01
6.228016018867492676e-01
6.609343290328979492e-01
6.873161792755126953e-01
7.214616537094116211e-01
7.456914782524108887e-01
7.666969895362854004e-01
7.941345572471618652e-01
8.164045214653015137e-01
8.312012553215026855e-01
8.486070632934570312e-01
8.613031506538391113e-01
8.693361878395080566e-01
8.751289844512939453e-01
8.797168135643005371e-01
8.828035593032836914e-01
8.827862143516540527e-01
8.808857798576354980e-01
8.778839111328125000e-01
8.743624091148376465e-01
8.695034980773925781e-01
8.644067049026489258e-01
8.594375848770141602e-01
8.543673157691955566e-01
8.482894897460937500e-01
8.450238704681396484e-01
8.404200673103332520e-01
8.361635804176330566e-01
8.349572420120239258e-01
8.336473107337951660e-01
8.328888416290283203e-01
8.327938914299011230e-01
8.325635790824890137e-01
8.340983986854553223e-01
8.352666497230529785e-01
8.358896970748901367e-01
8.376649618148803711e-01
8.376462459564208984e-01
8.370053768157958984e-01
8.356510400772094727e-01
8.330111503601074219e-01
8.287326693534851074e-01
8.215370774269104004e-01
8.155623078346252441e-01
8.061488270759582520e-01
7.935578823089599609e-01
7.773375511169433594e-01
7.585709095001220703e-01
7.436013221740722656e-01
7.204393148422241211e-01
7.008337378501892090e-01
6.756870746612548828e-01
6.526674032211303711e-01
6.241761445999145508e-01
6.008772253990173340e-01
5.709720253944396973e-01
5.403534173965454102e-01
5.167309641838073730e-01
4.886197745800018311e-01
4.643326997756958008e-01
4.425314068794250488e-01
4.174472093582153320e-01
3.938247859477996826e-01
3.711299002170562744e-01
3.570122420787811279e-01
3.385041952133178711e-01
3.244949281215667725e-01
3.150676488876342773e-01
3.032441437244415283e-01
2.947564721107482910e-01
2.892574369907379150e-01
2.825761139392852783e-01
2.790791094303131104e-01
2.759181559085845947e-01
2.725526392459869385e-01
2.711314260959625244e-01
2.685986161231994629e-01
2.679611146450042725e-01
2.657162845134735107e-01
2.623859345912933350e-01
2.597911655902862549e-01
2.562350928783416748e-01
2.507303357124328613e-01
2.458026260137557983e-01
2.372614592313766479e-01
2.285478711128234863e-01
2.202709019184112549e-01
2.083107531070709229e-01
2.002468556165695190e-01
1.845703274011611938e-01
1.751887351274490356e-01
1.597712635993957520e-01
1.434618979692459106e-01
1.327022016048431396e-01
1.173294633626937866e-01
1.018475368618965149e-01
9.148322045803070068e-02
8.033607155084609985e-02
6.751796603202819824e-02
5.806056037545204163e-02
4.677599668502807617e-02
3.656725212931632996e-02
2.984948083758354187e-02
2.292116545140743256e-02
1.645885966718196869e-02
1.118915155529975891e-02
8.168119005858898163e-03
3.950392361730337143e-03
1.502542407251894474e-03
1.457166854379465804e-05
0.000000000000000000e+00
0.000000000000000000e+00
0.000000000000000000e+00
0.000000000000000000e+00
0.000000000000000000e+00
0.000000000000000000e+00
0.000000000000000000e+00
0.000000000000000000e+00
0.000000000000000000e+00
0.000000000000000000e+00
8.661002502776682377e-04
2.858400810509920120e-03
5.120946094393730164e-03
9.327180683612823486e-03
1.446279138326644897e-02
2.070495486259460449e-02
2.710967324674129486e-02
3.754877299070358276e-02
4.575667902827262878e-02
5.994329228997230530e-02
7.601187378168106079e-02
8.916926383972167969e-02
1.106867939233779907e-01
1.338163167238235474e-01
1.540241837501525879e-01
1.767278313636779785e-01
2.061262279748916626e-01
2.378934323787689209e-01
2.633204162120819092e-01
2.979280948638916016e-01
3.342200219631195068e-01
3.620310723781585693e-01
3.918464183807373047e-01
4.291099309921264648e-01
4.566136896610260010e-01
4.933819770812988281e-01
5.277957320213317871e-01
5.530401468276977539e-01
5.849841237068176270e-01
6.072260737419128418e-01
6.335171461105346680e-01
6.531873345375061035e-01
6.750056147575378418e-01
6.936500668525695801e-01
7.056870460510253906e-01
7.185136079788208008e-01
7.256014943122863770e-01
7.323032021522521973e-01
7.374299764633178711e-01
7.411139011383056641e-01
7.424434423446655273e-01
7.422125935554504395e-01
7.403796911239624023e-01
7.385349273681640625e-01
7.354764342308044434e-01
7.327556610107421875e-01
7.291873097419738770e-01
7.267256379127502441e-01
7.239779233932495117e-01
7.221050262451171875e-01
7.214061021804809570e-01
7.212761044502258301e-01
7.228967547416687012e-01
7.248812317848205566e-01
7.275366187095642090e-01
7.316681742668151855e-01
7.351318597793579102e-01
7.398236393928527832e-01
7.458289861679077148e-01
7.497684955596923828e-01
7.555342912673950195e-01
7.607998251914978027e-01
7.640969753265380859e-01
7.668661475181579590e-01
7.683950662612915039e-01
7.660830020904541016e-01
7.650340199470520020e-01
7.634397149085998535e-01
7.557696104049682617e-01
7.497317194938659668e-01
7.387404441833496094e-01
7.239112854003906250e-01
7.121556997299194336e-01
6.936022639274597168e-01
6.771523356437683105e-01
6.550600528717041016e-01
6.366103887557983398e-01
6.117762327194213867e-01
5.857679247856140137e-01
5.654675960540771484e-01
5.388696193695068359e-01
5.164431929588317871e-01
4.924995303153991699e-01
4.705596566200256348e-01
4.460200071334838867e-01
4.293746352195739746e-01
4.072178602218627930e-01
3.880380988121032715e-01
3.754990100860595703e-01
3.592917323112487793e-01
3.474327027797698975e-01
3.364873230457305908e-01
3.283506333827972412e-01
3.208012580871582031e-01
3.155294954776763916e-01
3.113451004028320312e-01
3.082577884197235107e-01
3.051045536994934082e-01
3.031095862388610840e-01
3.022584617137908936e-01
3.000048995018005371e-01
2.990302443504333496e-01
2.968717515468597412e-01
2.935930788516998291e-01
2.918016910552978516e-01
2.876562476158142090e-01
2.814571559429168701e-01
2.748382091522216797e-01
2.670694291591644287e-01
2.580924630165100098e-01
2.452299743890762329e-01
2.361796498298645020e-01
2.273710221052169800e-01
2.116368412971496582e-01
2.008776366710662842e-01
1.845708489418029785e-01
1.679062396287918091e-01
1.567222476005554199e-01
1.403875946998596191e-01
1.245339289307594299e-01
1.125213876366615295e-01
1.016149148344993591e-01
8.755569159984588623e-02
7.464142888784408569e-02
6.662970036268234253e-02
5.571754276752471924e-02
4.717506840825080872e-02
4.226572439074516296e-02
3.554239496588706970e-02
3.067425638437271118e-02
2.712100185453891754e-02
2.332222647964954376e-02
2.156098932027816772e-02
2.044778689742088318e-02
2.081825956702232361e-02
1.923106983304023743e-02
2.015714906156063080e-02
2.099238149821758270e-02
2.178096584975719452e-02
2.379842847585678101e-02
2.563396841287612915e-02
2.811085619032382965e-02
2.997647225856781006e-02
3.348569944500923157e-02
3.727046400308609009e-02
4.285994544625282288e-02
4.682548716664314270e-02
5.331456661224365234e-02
6.210196018218994141e-02
6.934484839439392090e-02
8.013521134853363037e-02
9.289784729480743408e-02
1.084365099668502808e-01
1.220034360885620117e-01
1.418752670288085938e-01
1.640130132436752319e-01
1.830544024705886841e-01
2.105650752782821655e-01
2.353037744760513306e-01
2.596126198768615723e-01
2.933444380760192871e-01
3.288704752922058105e-01
3.582174777984619141e-01
3.968890309333801270e-01
4.374703466892242432e-01
4.703547060489654541e-01
5.022100210189819336e-01
5.434041023254394531e-01
5.837354660034179688e-01
6.144757270812988281e-01
6.526747345924377441e-01
6.900563240051269531e-01
7.169729471206665039e-01
7.421987056732177734e-01
7.732741832733154297e-01
7.946993112564086914e-01
8.191776871681213379e-01
8.406805992126464844e-01
8.550333976745605469e-01
8.712885379791259766e-01
8.800390362739562988e-01
8.916146159172058105e-01
8.967996239662170410e-01
9.013690948486328125e-01
9.056623578071594238e-01
9.058974981307983398e-01
9.047891497611999512e-01
9.039825797080993652e-01
9.008598923683166504e-01
8.996012210845947266e-01
8.958203196525573730e-01
8.937241435050964355e-01
8.911411166191101074e-01
8.882632851600646973e-01
8.867274522781372070e-01
8.857946991920471191e-01
8.857238888740539551e-01
8.866438269615173340e-01
8.866319656372070312e-01
8.894264698028564453e-01
8.923355937004089355e-01
8.936560153961181641e-01
8.968872427940368652e-01
8.998097777366638184e-01
9.006074070930480957e-01
9.025396704673767090e-01
9.012263417243957520e-01
9.013900756835937500e-01
8.994554281234741211e-01
8.927512168884277344e-01
8.885025978088378906e-01
8.819884061813354492e-01
8.693352341651916504e-01
8.557366132736206055e-01
8.423647880554199219e-01
8.231154680252075195e-01
8.012654185295104980e-01
7.825067639350891113e-01
7.617704272270202637e-01
7.336134314537048340e-01
7.108335494995117188e-01
6.802076101303100586e-01
6.478495597839355469e-01
6.237409710884094238e-01
5.909467935562133789e-01
5.629354715347290039e-01
5.315817594528198242e-01
5.069753527641296387e-01
4.768817126750946045e-01
4.499233961105346680e-01
4.287118315696716309e-01
4.037799239158630371e-01
3.820860087871551514e-01
3.653824031352996826e-01
3.480877578258514404e-01
3.322828114032745361e-01
3.206181228160858154e-01
3.087292015552520752e-01
2.986085116863250732e-01
2.898671329021453857e-01
2.836568653583526611e-01
2.769921123981475830e-01
2.710591554641723633e-01
2.670269310474395752e-01
2.623573541641235352e-01
2.572515010833740234e-01
2.537792325019836426e-01
2.477555423974990845e-01
2.429419904947280884e-01
2.374004125595092773e-01
2.291650325059890747e-01
2.202578186988830566e-01
2.122663855552673340e-01
2.005153149366378784e-01
1.876729875802993774e-01
1.781634241342544556e-01
1.676677316427230835e-01
1.519109010696411133e-01
1.364374607801437378e-01
1.251963824033737183e-01
1.079637184739112854e-01
9.208329021930694580e-02
8.048597723245620728e-02
6.499543786048889160e-02
5.384378507733345032e-02
4.414659738540649414e-02
3.129852935671806335e-02
1.938239298760890961e-02
1.228635199368000031e-02
3.314811270684003830e-03
0.000000000000000000e+00
0.000000000000000000e+00
0.000000000000000000e+00
0.000000000000000000e+00
0.000000000000000000e+00
0.000000000000000000e+00
0.000000000000000000e+00
0.000000000000000000e+00
0.000000000000000000e+00
0.000000000000000000e+00
0.000000000000000000e+00
0.000000000000000000e+00
0.000000000000000000e+00
0.000000000000000000e+00
0.000000000000000000e+00
0.000000000000000000e+00
3.385707503184676170e-03
7.446197327226400375e-03
1.184149459004402161e-02
1.666733622550964355e-02
2.359020337462425232e-02
2.940364927053451538e-02
3.758374601602554321e-02
4.733872041106224060e-02
5.554775148630142212e-02
6.896374374628067017e-02
8.377433568239212036e-02
9.626182168722152710e-02
1.150652840733528137e-01
1.362918913364410400e-01
1.562087535858154297e-01
1.802483648061752319e-01
2.025322914123535156e-01
2.331154644489288330e-01
2.578563690185546875e-01
2.901748120784759521e-01
3.260657489299774170e-01
3.530320525169372559e-01
3.901562988758087158e-01
4.203760623931884766e-01
4.486262798309326172e-01
4.864343404769897461e-01
5.234099030494689941e-01
5.590147376060485840e-01
5.850960016250610352e-01
6.164270639419555664e-01
6.398705244064331055e-01
6.615503430366516113e-01
6.869176626205444336e-01
7.093380689620971680e-01
7.246509790420532227e-01
7.408122420310974121e-01
7.547336816787719727e-01
7.612998485565185547e-01
7.657129764556884766e-01
7.713784575462341309e-01
7.722921967506408691e-01
7.719851136207580566e-01
7.711280584335327148e-01
7.652174234390258789e-01
7.605263590812683105e-01
7.540403008460998535e-01
7.467113733291625977e-01
7.418158650398254395e-01
7.326086163520812988e-01
7.252601385116577148e-01
7.202277779579162598e-01
7.120974659919738770e-01
7.068507075309753418e-01
7.022363543510437012e-01
6.988535523414611816e-01
6.974033713340759277e-01
6.947518587112426758e-01
6.944477558135986328e-01
6.944686770439147949e-01
6.936427950859069824e-01
6.949494481086730957e-01
6.950738430023193359e-01
6.954990029335021973e-01
6.964174509048461914e-01
6.952850222587585449e-01
6.936428546905517578e-01
6.911087632179260254e-01
6.862766742706298828e-01
6.819421052932739258e-01
6.755902171134948730e-01
6.653810143470764160e-01
6.527642011642456055e-01
6.383239626884460449e-01
6.252328753471374512e-01
6.066097021102905273e-01
5.895361304283142090e-01
5.723586082458496094e-01
5.481048226356506348e-01
5.221655964851379395e-01
5.029460787773132324e-01
4.753305613994598389e-01
4.485308825969696045e-01
4.281111061573028564e-01
4.058811366558074951e-01
3.809241354465484619e-01
3.614514768123626709e-01
3.373629450798034668e-01
3.168838620185852051e-01
2.968340516090393066e-01
2.834727168083190918e-01
2.691963315010070801e-01
2.578043937683105469e-01
2.490311712026596069e-01
2.411362677812576294e-01
2.345114946365356445e-01
2.314630895853042603e-01
2.287813276052474976e-01
2.278868407011032104e-01
2.284736484289169312e-01
2.291475534439086914e-01
2.314206063747406006e-01
2.333825826644897461e-01
2.362758219242095947e-01
2.390485703945159912e-01
2.407139837741851807e-01
2.421491295099258423e-01
2.437182217836380005e-01
2.427201122045516968e-01
2.420776486396789551e-01
2.392401248216629028e-01
2.339350879192352295e-01
2.294254899024963379e-01
2.217841595411300659e-01
2.170920372009277344e-01
2.103478908538818359e-01
1.980949044227600098e-01
1.856120824813842773e-01
1.734902262687683105e-01
1.628458052873611450e-01
1.489387154579162598e-01
1.395112425088882446e-01
1.248769834637641907e-01
1.147515922784805298e-01
1.014215275645256042e-01
9.054400771856307983e-02
7.876642793416976929e-02
6.702784448862075806e-02
5.873903259634971619e-02
4.872427135705947876e-02
4.015258699655532837e-02
3.403480723500251770e-02
2.569656074047088623e-02
1.914975605905056000e-02
1.151718758046627045e-02
5.821224767714738846e-03
4.939460195600986481e-04
0.000000000000000000e+00
0.000000000000000000e+00
0.000000000000000000e+00
0.000000000000000000e+00
0.000000000000000000e+00
0.000000000000000000e+00
0.000000000000000000e+00
0.000000000000000000e+00
0.000000000000000000e+00
0.000000000000000000e+00
0.000000000000000000e+00
0.000000000000000000e+00
0.000000000000000000e+00
0.000000000000000000e+00
0.000000000000000000e+00
0.000000000000000000e+00
0.000000000000000000e+00
0.000000000000000000e+00
0.000000000000000000e+00
0.000000000000000000e+00
0.000000000000000000e+00
0.000000000000000000e+00
0.000000000000000000e+00
0.000000000000000000e+00
0.000000000000000000e+00
0.000000000000000000e+00
0.000000000000000000e+00
0.000000000000000000e+00
5.504984408617019653e-03
2.654693834483623505e-02
4.358443990349769592e-02
6.025287881493568420e-02
8.347751200199127197e-02
1.012668088078498840e-01
1.237929239869117737e-01
1.470084488391876221e-01
1.629293262958526611e-01
1.825086474418640137e-01
1.934902966022491455e-01
2.064011842012405396e-01
2.208919525146484375e-01
2.329308092594146729e-01
2.433498352766036987e-01
2.467233389616012573e-01
2.520829737186431885e-01
2.489556670188903809e-01
2.480775266885757446e-01
2.470734119415283203e-01
2.420368790626525879e-01
2.369496822357177734e-01
2.291823476552963257e-01
2.201340794563293457e-01
2.125973999500274658e-01
2.025658637285232544e-01
1.928755939006805420e-01
1.832158565521240234e-01
1.757833510637283325e-01
1.683048903942108154e-01
1.613847017288208008e-01
1.565237045288085938e-01
1.526579707860946655e-01
1.502870172262191772e-01
1.502944380044937134e-01
1.513454616069793701e-01
1.529144048690795898e-01
1.569215059280395508e-01
1.625024527311325073e-01
1.687756329774856567e-01
1.755322217941284180e-01
1.838289350271224976e-01
1.923772394657135010e-01
2.010436207056045532e-01
2.076069414615631104e-01
2.159120440483093262e-01
2.226061522960662842e-01
2.272756695747375488e-01
2.343214005231857300e-01
2.379258126020431519e-01
2.395299971103668213e-01
2.389840185642242432e-01
2.376839816570281982e-01
2.346339076757431030e-01
2.287654429674148560e-01
2.260908633470535278e-01
2.195826321840286255e-01
2.104588449001312256e-01
1.984474807977676392e-01
1.866386085748672485e-01
1.780721247196197510e-01
1.645803302526473999e-01
1.590456068515777588e-01
1.488451361656188965e-01
1.375539600849151611e-01
1.284660696983337402e-01
1.213822141289710999e-01
1.154995411634445190e-01
1.103266924619674683e-01
1.074088066816329956e-01
1.082799285650253296e-01
1.101094260811805725e-01
1.125798672437667847e-01
1.175210699439048767e-01
1.241412162780761719e-01
1.324649602174758911e-01
1.411751806735992432e-01
1.527325361967086792e-01
1.648937165737152100e-01
1.752905696630477905e-01
1.882976442575454712e-01
2.015994936227798462e-01
2.115710377693176270e-01
2.238136529922485352e-01
2.354553937911987305e-01
2.438067942857742310e-01
2.544303536415100098e-01
2.612341940402984619e-01
2.667001783847808838e-01
2.708088755607604980e-01
2.716380953788757324e-01
2.715484201908111572e-01
2.701068222522735596e-01
2.703155577182769775e-01
2.654193937778472900e-01
2.598545849323272705e-01
2.515487074851989746e-01
2.419496476650238037e-01
2.336125969886779785e-01
2.222164124250411987e-01
2.143944948911666870e-01
2.013223171234130859e-01
1.918403655290603638e-01
1.787465512752532959e-01
1.660216003656387329e-01
1.565076708793640137e-01
1.445936858654022217e-01
1.334320753812789917e-01
1.245342046022415161e-01
1.145099550485610962e-01
1.045654192566871643e-01
9.619233757257461548e-02
8.744490146636962891e-02
7.755517959594726562e-02
6.995423138141632080e-02
6.221635639667510986e-02
5.174271762371063232e-02
4.264445230364799500e-02
3.516616299748420715e-02
2.545964345335960388e-02
1.580855809152126312e-02
7.227856200188398361e-03
0.000000000000000000e+00
0.000000000000000000e+00
0.000000000000000000e+00
0.000000000000000000e+00
0.000000000000000000e+00
0.000000000000000000e+00
0.000000000000000000e+00
0.000000000000000000e+00
0.000000000000000000e+00
0.000000000000000000e+00
0.000000000000000000e+00
0.000000000000000000e+00
0.000000000000000000e+00
0.000000000000000000e+00
0.000000000000000000e+00
0.000000000000000000e+00
0.000000000000000000e+00
0.000000000000000000e+00
0.000000000000000000e+00
0.000000000000000000e+00
0.000000000000000000e+00
0.000000000000000000e+00
0.000000000000000000e+00
1.526751182973384857e-02
3.050784952938556671e-02
4.824248328804969788e-02
7.275906950235366821e-02
9.753484278917312622e-02
1.150263175368309021e-01
1.392112076282501221e-01
1.622652560472488403e-01
1.782501637935638428e-01
1.912221163511276245e-01
2.102573812007904053e-01
2.223351299762725830e-01
2.369327545166015625e-01
2.492718398571014404e-01
2.555662989616394043e-01
2.635742425918579102e-01
2.650659084320068359e-01
2.672033905982971191e-01
2.683642506599426270e-01
2.671513557434082031e-01
2.639694809913635254e-01
2.614779472351074219e-01
2.550115287303924561e-01
2.491249740123748779e-01
2.448623031377792358e-01
2.383958399295806885e-01
2.331739962100982666e-01
2.289515882730484009e-01
2.241216450929641724e-01
2.211844772100448608e-01
2.186185121536254883e-01
2.180266380310058594e-01
2.196335643529891968e-01
2.222770750522613525e-01
2.264418900012969971e-01
2.309412956237792969e-01
2.379951328039169312e-01
2.449881881475448608e-01
2.532959282398223877e-01
2.624858319759368896e-01
2.715488374233245850e-01
2.809552848339080811e-01
2.918908596038818359e-01
2.986679375171661377e-01
3.074182271957397461e-01
3.158104121685028076e-01
3.234891295433044434e-01
3.264110684394836426e-01
3.297363519668579102e-01
3.295236825942993164e-01
3.298911154270172119e-01
3.260261416435241699e-01
3.194300532341003418e-01
3.147794306278228760e-01
3.095447123050689697e-01
2.974902093410491943e-01
2.883180081844329834e-01
2.735565304756164551e-01
2.590805590152740479e-01
2.466679215431213379e-01
2.293691933155059814e-01
2.194922864437103271e-01
2.023118138313293457e-01
1.905063837766647339e-01
1.763113439083099365e-01
1.619890034198760986e-01
1.541367620229721069e-01
1.432351768016815186e-01
1.364964544773101807e-01
1.307821571826934814e-01
1.269641816616058350e-01
1.237282902002334595e-01
1.239203885197639465e-01
1.243726015090942383e-01
1.276472508907318115e-01
1.318270564079284668e-01
1.359619647264480591e-01
1.419533193111419678e-01
1.492648571729660034e-01
1.545892655849456787e-01
1.622098088264465332e-01
1.694372147321701050e-01
1.756618171930313110e-01
1.809375882148742676e-01
1.870310455560684204e-01
1.907977610826492310e-01
1.933379918336868286e-01
1.940314024686813354e-01
1.948108077049255371e-01
1.920760422945022583e-01
1.880642324686050415e-01
1.878581792116165161e-01
1.823894977569580078e-01
1.752435266971588135e-01
1.656443923711776733e-01
1.574743837118148804e-01
1.472395360469818115e-01
1.346492320299148560e-01
1.263897866010665894e-01
1.195599287748336792e-01
1.068077012896537781e-01
9.891949594020843506e-02
8.725903928279876709e-02
7.746771723031997681e-02
6.973696500062942505e-02
6.050617247819900513e-02
5.344304442405700684e-02
4.755474627017974854e-02
4.362653568387031555e-02
3.897260874509811401e-02
3.510613739490509033e-02
3.322422131896018982e-02
3.059630468487739563e-02
2.914402075111865997e-02
2.891198173165321350e-02
2.702249959111213684e-02
2.761953510344028473e-02
2.772750146687030792e-02
2.814992144703865051e-02
2.899695746600627899e-02
3.008212149143218994e-02
3.094770759344100952e-02
3.074241615831851959e-02
3.284625336527824402e-02
3.465960174798965454e-02
3.652746602892875671e-02
4.008362814784049988e-02
4.277973994612693787e-02
4.756636917591094971e-02
5.356917530298233032e-02
5.928031727671623230e-02
6.823159754276275635e-02
7.927578687667846680e-02
8.939144015312194824e-02
1.036320924758911133e-01
1.212273761630058289e-01
1.386578530073165894e-01
1.549286693334579468e-01
1.792076826095581055e-01
2.066722959280014038e-01
2.280602157115936279e-01
2.595380842685699463e-01
2.923714518547058105e-01
3.184974193572998047e-01
3.551956415176391602e-01
3.841299712657928467e-01
4.132059514522552490e-01
4.512209594249725342e-01
4.890111684799194336e-01
5.179668068885803223e-01
5.542989969253540039e-01
5.889638662338256836e-01
6.149619817733764648e-01
6.386534571647644043e-01
6.694121360778808594e-01
6.957922577857971191e-01
7.135095000267028809e-01
7.358347773551940918e-01
7.539455890655517578e-01
7.664679884910583496e-01
7.740126252174377441e-01
7.838440537452697754e-01
7.898029685020446777e-01
7.945050001144409180e-01
7.960319519042968750e-01
7.978570461273193359e-01
7.958714365959167480e-01
7.931449413299560547e-01
7.898244261741638184e-01
7.858380675315856934e-01
7.813147902488708496e-01
7.768768072128295898e-01
7.719472646713256836e-01
7.688273191452026367e-01
7.654771804809570312e-01
7.631657123565673828e-01
7.616789937019348145e-01
7.597113847732543945e-01
7.606420516967773438e-01
7.602306008338928223e-01
7.614727020263671875e-01
7.641984820365905762e-01
7.652255296707153320e-01
7.688748240470886230e-01
7.707594633102416992e-01
7.712958455085754395e-01
7.737380266189575195e-01
7.733479142189025879e-01
7.711080312728881836e-01
7.688543200492858887e-01
7.654820680618286133e-01
7.606530189514160156e-01
7.514513731002807617e-01
7.389646768569946289e-01
7.295261025428771973e-01
7.128769159317016602e-01
6.932094097137451172e-01
6.772050261497497559e-01
6.588332056999206543e-01
6.339166760444641113e-01
6.062216758728027344e-01
5.837801098823547363e-01
5.549629330635070801e-01
5.242926478385925293e-01
5.002276897430419922e-01
4.749637842178344727e-01
4.437732398509979248e-01
4.213987588882446289e-01
3.914856314659118652e-01
3.633950352668762207e-01
3.369083702564239502e-01
3.194089233875274658e-01
2.994080185890197754e-01
2.793373465538024902e-01
2.647465169429779053e-01
2.484598755836486816e-01
2.350035756826400757e-01
2.256046235561370850e-01
2.152652442455291748e-01
2.079227417707443237e-01
2.033133506774902344e-01
1.973238736391067505e-01
1.935140192508697510e-01
1.902160197496414185e-01
1.876607239246368408e-01
1.852356195449829102e-01
1.820748299360275269e-01
1.796606779098510742e-01
1.774872988462448120e-01
1.730567067861557007e-01
1.691503524780273438e-01
1.627537161111831665e-01
1.557975113391876221e-01
1.497867554426193237e-01
1.395224928855895996e-01
1.334885656833648682e-01
1.237972453236579895e-01
1.117541640996932983e-01
9.951346367597579956e-02
8.824091404676437378e-02
7.464937120676040649e-02
6.053184345364570618e-02
5.053307861089706421e-02
4.161400347948074341e-02
2.810090593993663788e-02
1.578523218631744385e-02
7.074453402310609818e-03
0.000000000000000000e+00
0.000000000000000000e+00
0.000000000000000000e+00
0.000000000000000000e+00
0.000000000000000000e+00
0.000000000000000000e+00
0.000000000000000000e+00
0.000000000000000000e+00
0.000000000000000000e+00
0.000000000000000000e+00
0.000000000000000000e+00
0.000000000000000000e+00
0.000000000000000000e+00
0.000000000000000000e+00
0.000000000000000000e+00
0.000000000000000000e+00
0.000000000000000000e+00
0.000000000000000000e+00
5.030785105191171169e-04
5.197090096771717072e-03
1.261878106743097305e-02
1.763205416500568390e-02
2.495869435369968414e-02
3.349040821194648743e-02
4.149864986538887024e-02
4.993495345115661621e-02
6.022799760103225708e-02
7.329238951206207275e-02
8.383704721927642822e-02
9.934633970260620117e-02
1.178698465228080750e-01
1.326043903827667236e-01
1.549014002084732056e-01
1.761559695005416870e-01
1.954814940690994263e-01
2.246658802032470703e-01
2.552765309810638428e-01
2.878423333168029785e-01
3.151704967021942139e-01
3.515958487987518311e-01
3.830500245094299316e-01
4.199319779872894287e-01
4.517267346382141113e-01
4.928989708423614502e-01
5.234658122062683105e-01
5.642427802085876465e-01
6.033966541290283203e-01
6.320457458496093750e-01
6.698391437530517578e-01
6.966091394424438477e-01
7.217416167259216309e-01
7.531941533088684082e-01
7.804435491561889648e-01
8.049088716506958008e-01
8.218685984611511230e-01
8.402305841445922852e-01
8.514358997344970703e-01
8.608013987541198730e-01
8.705122470855712891e-01
8.778405785560607910e-01
8.808639049530029297e-01
8.834064006805419922e-01
8.830244541168212891e-01
8.807272911071777344e-01
8.773214817047119141e-01
8.727270364761352539e-01
8.682467341423034668e-01
8.624007701873779297e-01
8.577005267143249512e-01
8.510773181915283203e-01
8.470793366432189941e-01
8.433439135551452637e-01
8.391944766044616699e-01
8.366831541061401367e-01
8.336503505706787109e-01
8.327291607856750488e-01
8.328338861465454102e-01
8.328874707221984863e-01
8.341619372367858887e-01
8.337639570236206055e-01
8.357518911361694336e-01
8.369437456130981445e-01
8.368780016899108887e-01
8.378759026527404785e-01
8.365717530250549316e-01
8.339391946792602539e-01
8.318219780921936035e-01
8.276763558387756348e-01
8.199234604835510254e-01
8.123601675033569336e-01
8.001326322555541992e-01
7.855479717254638672e-01
7.731294035911560059e-01
7.539899349212646484e-01
7.370795011520385742e-01
7.196442484855651855e-01
6.941252350807189941e-01
6.675411462783813477e-01
6.388164758682250977e-01
6.167005300521850586e-01
5.870168805122375488e-01
5.618758797645568848e-01
5.386539101600646973e-01
5.088775157928466797e-01
4.787680208683013916e-01
4.581360816955566406e-01
4.311529397964477539e-01
4.057016074657440186e-01
3.889366388320922852e-01
3.692219555377960205e-01
3.512576222419738770e-01
3.370763063430786133e-01
3.216302692890167236e-01
3.098136484622955322e-01
2.999691367149353027e-01
2.927061915397644043e-01
2.865572869777679443e-01
2.806271314620971680e-01
2.779114246368408203e-01
2.744667530059814453e-01
2.718069255352020264e-01
2.704282104969024658e-01
2.691362202167510986e-01
2.665261924266815186e-01
2.647689580917358398e-01
2.624304294586181641e-01
2.592290639877319336e-01
2.539873123168945312e-01
2.486433088779449463e-01
2.418684810400009155e-01
2.327161133289337158e-01
2.254689782857894897e-01
2.185931354761123657e-01
2.052572667598724365e-01
1.964861601591110229e-01
1.827874034643173218e-01
1.664052605628967285e-01
1.555919796228408813e-01
1.400276869535446167e-01
1.287850290536880493e-01
1.174567565321922302e-01
1.018893495202064514e-01
8.734630793333053589e-02
7.411440461874008179e-02
6.437474489212036133e-02
5.226200446486473083e-02
4.372016340494155884e-02
3.444496914744377136e-02
2.757396921515464783e-02
1.994752883911132812e-02
1.559460628777742386e-02
1.029693987220525742e-02
5.915057845413684845e-03
3.962296061217784882e-03
1.294833375141024590e-03
0.000000000000000000e+00
0.000000000000000000e+00
0.000000000000000000e+00
0.000000000000000000e+00
0.000000000000000000e+00
0.000000000000000000e+00
0.000000000000000000e+00
0.000000000000000000e+00
0.000000000000000000e+00
0.000000000000000000e+00
0.000000000000000000e+00
1.144821639172732830e-03
4.054784309118986130e-03
7.249340880662202835e-03
1.026494707912206650e-02
1.501845475286245346e-02
2.299876697361469269e-02
3.215376660227775574e-02
3.985762968659400940e-02
5.205630138516426086e-02
6.595737487077713013e-02
7.986986637115478516e-02
9.648820757865905762e-02
1.161895617842674255e-01
1.352323591709136963e-01
1.619364023208618164e-01
1.900635957717895508e-01
2.139432579278945923e-01
2.456047385931015015e-01
2.732864022254943848e-01
3.069947361946105957e-01
3.353469967842102051e-01
3.725392520427703857e-01
4.097417294979095459e-01
4.380713105201721191e-01
4.749088585376739502e-01
5.097838044166564941e-01
5.367162227630615234e-01
5.610482692718505859e-01
5.920198559761047363e-01
6.143150925636291504e-01
6.399639248847961426e-01
6.646177768707275391e-01
6.799559593200683594e-01
6.978161334991455078e-01
7.085703015327453613e-01
7.215149402618408203e-01
7.285167574882507324e-01
7.349582910537719727e-01
7.403573989868164062e-01
7.420918345451354980e-01
7.431237697601318359e-01
7.416003346443176270e-01
7.399908304214477539e-01
7.379055619239807129e-01
7.342541813850402832e-01
7.314296960830688477e-01
7.284165620803833008e-01
7.252991199493408203e-01
7.232984304428100586e-01
7.223677635192871094e-01
7.216825485229492188e-01
7.220630645751953125e-01
7.230540513992309570e-01
7.256260514259338379e-01
7.292951941490173340e-01
7.323407530784606934e-01
7.375282645225524902e-01
7.420155405998229980e-01
7.468785047531127930e-01
7.528297305107116699e-01
7.574275135993957520e-01
7.613664269447326660e-01
7.654126286506652832e-01
7.665333151817321777e-01
7.679722309112548828e-01
7.685309052467346191e-01
7.646130919456481934e-01
7.593947052955627441e-01
7.533966302871704102e-01
7.439052462577819824e-01
7.316176891326904297e-01
7.198869585990905762e-01
7.073500752449035645e-01
6.888386607170104980e-01
6.718207597732543945e-01
6.488571166992187500e-01
6.250978112220764160e-01
6.056150197982788086e-01
5.794868469238281250e-01
5.574908852577209473e-01
5.309819579124450684e-01
5.111111402511596680e-01
4.832060635089874268e-01
4.598102867603302002e-01
4.407732784748077393e-01
4.180284738540649414e-01
4.021233320236206055e-01
3.859575688838958740e-01
3.704313933849334717e-01
3.550712764263153076e-01
3.443040549755096436e-01
3.345170021057128906e-01
3.246133625507354736e-01
3.190598785877227783e-01
3.147080838680267334e-01
3.092620968818664551e-01
3.069837391376495361e-01
3.047141134738922119e-01
3.027505874633789062e-01
3.014117777347564697e-01
2.997141480445861816e-01
2.986429631710052490e-01
2.965654432773590088e-01
2.937449812889099121e-01
2.900019586086273193e-01
2.842048704624176025e-01
2.800763547420501709e-01
2.719823718070983887e-01
2.621747255325317383e-01
2.551528513431549072e-01
2.468388229608535767e-01
2.336933910846710205e-01
2.193288207054138184e-01
2.084556519985198975e-01
1.922531723976135254e-01
1.762760132551193237e-01
1.641931086778640747e-01
1.524569541215896606e-01
1.361983120441436768e-01
1.242376267910003662e-01
1.089212000370025635e-01
9.441154450178146362e-02
8.452063798904418945e-02
7.196903228759765625e-02
6.321442872285842896e-02
5.399874597787857056e-02
4.636679589748382568e-02
3.944942355155944824e-02
3.344225510954856873e-02
2.903492562472820282e-02
2.547389455139636993e-02
2.304694429039955139e-02
2.170673012733459473e-02
1.902822032570838928e-02
1.985904388129711151e-02
1.980887353420257568e-02
2.080879919230937958e-02
2.146151475608348846e-02
2.255963347852230072e-02
2.474269643425941467e-02
2.648189105093479156e-02
2.869727648794651031e-02
3.091349080204963684e-02
3.565582633018493652e-02
3.955363109707832336e-02
4.306260868906974792e-02
4.991022124886512756e-02
5.638380721211433411e-02
6.343258917331695557e-02
7.340229302644729614e-02
8.505800366401672363e-02
9.650443494319915771e-02
1.120480075478553772e-01
1.296725720167160034e-01
1.486466526985168457e-01
1.661816537380218506e-01
1.915091425180435181e-01
2.191596031188964844e-01
2.429597526788711548e-01
2.751013338565826416e-01
3.099943995475769043e-01
3.388368189334869385e-01
3.689923286437988281e-01
4.086994230747222900e-01
4.393979609012603760e-01
4.800110459327697754e-01
5.217287540435791016e-01
5.531267523765563965e-01
5.939264893531799316e-01
6.327984929084777832e-01
6.634218096733093262e-01
6.909850835800170898e-01
7.255716323852539062e-01
7.580792307853698730e-01
7.801384329795837402e-01
8.070254921913146973e-01
8.310247659683227539e-01
8.455585241317749023e-01
8.589917421340942383e-01
8.746438622474670410e-01
8.835569024085998535e-01
8.927057385444641113e-01
9.007290005683898926e-01
9.029943943023681641e-01
9.060881137847900391e-01
9.061588048934936523e-01
9.041353464126586914e-01
9.034367799758911133e-01
9.004201292991638184e-01
8.972706794738769531e-01
8.955528736114501953e-01
8.918648362159729004e-01
8.906203508377075195e-01
8.882698416709899902e-01
8.862053155899047852e-01
8.857678771018981934e-01
8.854005932807922363e-01
8.870090246200561523e-01
8.884847164154052734e-01
8.903492689132690430e-01
8.929623961448669434e-01
8.950634002685546875e-01
8.978337645530700684e-01
8.998621106147766113e-01
9.003803730010986328e-01
9.021577835083007812e-01
9.024835824966430664e-01
8.996564745903015137e-01
8.975854516029357910e-01
8.936269879341125488e-01
8.860719203948974609e-01
8.760497570037841797e-01
8.660448789596557617e-01
8.511485457420349121e-01
8.339794874191284180e-01
8.173497915267944336e-01
8.001382946968078613e-01
7.750881910324096680e-01
7.481387853622436523e-01
7.266532778739929199e-01
6.963953971862792969e-01
6.653797030448913574e-01
6.409847140312194824e-01
6.132965087890625000e-01
5.810836553573608398e-01
5.555826425552368164e-01
5.235515832901000977e-01
4.937833249568939209e-01
4.641649127006530762e-01
4.427542090415954590e-01
4.207994341850280762e-01
3.957597315311431885e-01
3.793166875839233398e-01
3.590219914913177490e-01
3.409453630447387695e-01
3.293406665325164795e-01
3.154713511466979980e-01
3.045019507408142090e-01
2.970260381698608398e-01
2.878083586692810059e-01
2.808628380298614502e-01
2.760362923145294189e-01
2.702134251594543457e-01
2.654743790626525879e-01
2.600823342800140381e-01
2.562562525272369385e-01
2.520451843738555908e-01
2.461261302232742310e-01
2.413829714059829712e-01
2.331489920616149902e-01
2.247962355613708496e-01
2.171724587678909302e-01
2.060868144035339355e-01
1.972657889127731323e-01
1.880635619163513184e-01
1.746053099632263184e-01
1.595283597707748413e-01
1.489480882883071899e-01
1.324576884508132935e-01
1.160366609692573547e-01
1.051837876439094543e-01
9.191675484180450439e-02
7.649096101522445679e-02
6.170757859945297241e-02
5.076992511749267578e-02
3.812647983431816101e-02
2.540505118668079376e-02
1.710306107997894287e-02
9.346797131001949310e-03
1.378827844746410847e-03
0.000000000000000000e+00
0.000000000000000000e+00
0.000000000000000000e+00
0.000000000000000000e+00
0.000000000000000000e+00
0.000000000000000000e+00
0.000000000000000000e+00
0.000000000000000000e+00
0.000000000000000000e+00
0.000000000000000000e+00
0.000000000000000000e+00
0.000000000000000000e+00
0.000000000000000000e+00
0.000000000000000000e+00
0.000000000000000000e+00
3.839744022116065025e-04
4.189067054539918900e-03
9.176359511911869049e-03
1.396437548100948334e-02
1.954959146678447723e-02
2.519084885716438293e-02
3.216760978102684021e-02
4.150633141398429871e-02
4.937031492590904236e-02
6.134851649403572083e-02
7.485734671354293823e-02
8.727450668811798096e-02
1.041557267308235168e-01
1.212349683046340942e-01
1.383621692657470703e-01
1.615849137306213379e-01
1.881307065486907959e-01
2.100953608751296997e-01
2.401699423789978027e-01
2.729598283767700195e-01
3.011066019535064697e-01
3.269236385822296143e-01
3.634972870349884033e-01
4.008797705173492432e-01
4.292620718479156494e-01
4.677286446094512939e-01
5.044147372245788574e-01
5.320892930030822754e-01
5.673845410346984863e-01
5.932552814483642578e-01
6.179228425025939941e-01
6.469644904136657715e-01
6.749244928359985352e-01
6.995582580566406250e-01
7.144681215286254883e-01
7.342776060104370117e-01
7.433896660804748535e-01
7.529621124267578125e-01
7.637872099876403809e-01
7.692714333534240723e-01
7.717025876045227051e-01
7.741116285324096680e-01
7.718403339385986328e-01
7.703326344490051270e-01
7.636476159095764160e-01
7.580045461654663086e-01
7.535740733146667480e-01
7.453443408012390137e-01
7.374585866928100586e-01
7.303524017333984375e-01
7.232517600059509277e-01
7.170236110687255859e-01
7.099462747573852539e-01
7.061508893966674805e-01
7.021617293357849121e-01
6.971130967140197754e-01
6.964254379272460938e-01
6.956068873405456543e-01
6.935608983039855957e-01
6.939651966094970703e-01
6.934359669685363770e-01
6.943889260292053223e-01
6.959213614463806152e-01
6.949477791786193848e-01
6.963517665863037109e-01
6.953424215316772461e-01
6.923631429672241211e-01
6.910272836685180664e-01
6.850637793540954590e-01
6.801664829254150391e-01
6.712879538536071777e-01
6.597437858581542969e-01
6.494741439819335938e-01
6.338824629783630371e-01
6.207071542739868164e-01
6.059489250183105469e-01
5.836997628211975098e-01
5.609271526336669922e-01
5.359857678413391113e-01
5.161954760551452637e-01
4.897617697715759277e-01
4.680918753147125244e-01
4.472636580467224121e-01
4.206138551235198975e-01
3.938320875167846680e-01
3.740209937095642090e-01
3.507761657238006592e-01
3.274999260902404785e-01
3.111893236637115479e-01
2.959264516830444336e-01
2.788669168949127197e-01
2.680785357952117920e-01
2.552919983863830566e-01
2.450813502073287964e-01
2.379724681377410889e-01
2.335728257894515991e-01
2.300499826669692993e-01
2.280351221561431885e-01
2.277420759201049805e-01
2.280222028493881226e-01
2.302181124687194824e-01
2.321090698242187500e-01
2.344626337289810181e-01
2.373658418655395508e-01
2.389914989471435547e-01
2.422757297754287720e-01
2.431238740682601929e-01
2.426129430532455444e-01
2.419545948505401611e-01
2.394613623619079590e-01
2.357727438211441040e-01
2.319816201925277710e-01
2.287838011980056763e-01
2.210897356271743774e-01
2.143849879503250122e-01
2.039396166801452637e-01
1.922803968191146851e-01
1.822326779365539551e-01
1.692291498184204102e-01
1.608846187591552734e-01
1.497485041618347168e-01
1.359823346138000488e-01
1.218013837933540344e-01
1.078426316380500793e-01
9.836079180240631104e-02
8.443517982959747314e-02
7.520599663257598877e-02
6.614702194929122925e-02
5.557672306895256042e-02
4.604223370552062988e-02
3.855909407138824463e-02
3.070553019642829895e-02
2.303268946707248688e-02
1.607204601168632507e-02
1.079673506319522858e-02
2.956288633868098259e-03
0.000000000000000000e+00
0.000000000000000000e+00
0.000000000000000000e+00
0.000000000000000000e+00
0.000000000000000000e+00
0.000000000000000000e+00
0.000000000000000000e+00
0.000000000000000000e+00
0.000000000000000000e+00
0.000000000000000000e+00
0.000000000000000000e+00
0.000000000000000000e+00
0.000000000000000000e+00
0.000000000000000000e+00
0.000000000000000000e+00
0.000000000000000000e+00
0.000000000000000000e+00
0.000000000000000000e+00
0.000000000000000000e+00
0.000000000000000000e+00
0.000000000000000000e+00
0.000000000000000000e+00
0.000000000000000000e+00
0.000000000000000000e+00
0.000000000000000000e+00
0.000000000000000000e+00
0.000000000000000000e+00
0.000000000000000000e+00
0.000000000000000000e+00
3.650180296972393990e-03
2.627244032919406891e-02
4.826635122299194336e-02
7.266616821289062500e-02
8.974581211805343628e-02
1.136813461780548096e-01
1.291427165269851685e-01
1.525832712650299072e-01
1.664795130491256714e-01
1.863423138856887817e-01
1.983991414308547974e-01
2.160137891769409180e-01
2.282983213663101196e-01
2.363592088222503662e-01
2.457128465175628662e-01
2.458053231239318848e-01
2.483703494071960449e-01
2.507858872413635254e-01
2.488513588905334473e-01
2.452622950077056885e-01
2.412217259407043457e-01
2.344940602779388428e-01
2.252995669841766357e-01
2.179324328899383545e-01
2.085737586021423340e-01
1.992254704236984253e-01
1.907270848751068115e-01
1.811160892248153687e-01
1.718007177114486694e-01
1.666466295719146729e-01
1.606476753950119019e-01
1.553309857845306396e-01
1.517050266265869141e-01
1.499069035053253174e-01
1.499830335378646851e-01
1.515027135610580444e-01
1.543503701686859131e-01
1.590166091918945312e-01
1.648872941732406616e-01
1.704778075218200684e-01
1.782655566930770874e-01
1.875376999378204346e-01
1.937034279108047485e-01
2.022836208343505859e-01
2.113299071788787842e-01
2.168173640966415405e-01
2.252421081066131592e-01
2.312963008880615234e-01
2.348174452781677246e-01
2.380644828081130981e-01
2.385466247797012329e-01
2.369517385959625244e-01
2.359608411788940430e-01
2.350639253854751587e-01
2.286183387041091919e-01
2.232719659805297852e-01
2.139988094568252563e-01
2.031718641519546509e-01
1.948954164981842041e-01
1.834782510995864868e-01
1.761803179979324341e-01
1.669400781393051147e-01
1.548784077167510986e-01
1.429313868284225464e-01
1.317852139472961426e-01
1.258473843336105347e-01
1.175855323672294617e-01
1.142329722642898560e-01
1.125519722700119019e-01
1.092541143298149109e-01
1.085143536329269409e-01
1.109214350581169128e-01
1.132997423410415649e-01
1.196127831935882568e-01
1.257001161575317383e-01
1.344346404075622559e-01
1.460010856389999390e-01
1.573050916194915771e-01
1.672387123107910156e-01
1.805666238069534302e-01
1.934969276189804077e-01
2.043746709823608398e-01
2.165952622890472412e-01
2.290259301662445068e-01
2.386474162340164185e-01
2.483835965394973755e-01
2.564437985420227051e-01
2.621290385723114014e-01
2.672899961471557617e-01
2.696613073348999023e-01
2.708953022956848145e-01
2.739047110080718994e-01
2.719058990478515625e-01
2.665779292583465576e-01
2.626135647296905518e-01
2.556560039520263672e-01
2.456082254648208618e-01
2.387775331735610962e-01
2.323598116636276245e-01
2.197772264480590820e-01
2.110919058322906494e-01
1.981941461563110352e-01
1.851629316806793213e-01
1.755976229906082153e-01
1.629861295223236084e-01
1.529936790466308594e-01
1.410633623600006104e-01
1.323934048414230347e-01
1.209317743778228760e-01
1.102677881717681885e-01
1.026436537504196167e-01
9.263610094785690308e-02
8.264886587858200073e-02
7.603277266025543213e-02
6.614521145820617676e-02
5.730914324522018433e-02
5.031429231166839600e-02
4.095203429460525513e-02
3.144122287631034851e-02
2.390380017459392548e-02
1.385574508458375931e-02
2.840901957824826241e-03
0.000000000000000000e+00
0.000000000000000000e+00
0.000000000000000000e+00
0.000000000000000000e+00
0.000000000000000000e+00
0.000000000000000000e+00
0.000000000000000000e+00
0.000000000000000000e+00
0.000000000000000000e+00
0.000000000000000000e+00
0.000000000000000000e+00
0.000000000000000000e+00
0.000000000000000000e+00
0.000000000000000000e+00
0.000000000000000000e+00
0.000000000000000000e+00
0.000000000000000000e+00
0.000000000000000000e+00
0.000000000000000000e+00
0.000000000000000000e+00
0.000000000000000000e+00
0.000000000000000000e+00
0.000000000000000000e+00
1.398239377886056900e-02
3.745451942086219788e-02
6.113266944885253906e-02
7.940561324357986450e-02
1.038597226142883301e-01
1.205379217863082886e-01
1.434326320886611938e-01
1.606114208698272705e-01
1.825149655342102051e-01
2.017408162355422974e-01
2.154124826192855835e-01
2.305424958467483521e-01
2.444020658731460571e-01
2.528485357761383057e-01
2.561491727828979492e-01
2.631931304931640625e-01
2.664613723754882812e-01
2.684545814990997314e-01
2.686899006366729736e-01
2.669097185134887695e-01
2.638283073902130127e-01
2.572003006935119629e-01
2.533010840415954590e-01
2.483004182577133179e-01
2.425218820571899414e-01
2.364519387483596802e-01
2.312855869531631470e-01
2.268907427787780762e-01
2.232887893915176392e-01
2.212262302637100220e-01
2.190768420696258545e-01
2.187115401029586792e-01
2.203294485807418823e-01
2.230636179447174072e-01
2.271351814270019531e-01
2.329072207212448120e-01
2.396317273378372192e-01
2.478397339582443237e-01
2.581451237201690674e-01
2.642547488212585449e-01
2.756648063659667969e-01
2.858404517173767090e-01
2.926080226898193359e-01
3.029531240463256836e-01
3.111990690231323242e-01
3.184394240379333496e-01
3.241801559925079346e-01
3.263318836688995361e-01
3.295413851737976074e-01
3.294343054294586182e-01
3.261618912220001221e-01
3.266526162624359131e-01
3.218463659286499023e-01
3.130301237106323242e-01
3.033764064311981201e-01
2.940626442432403564e-01
2.811046838760375977e-01
2.655687928199768066e-01
2.539820075035095215e-01
2.436480671167373657e-01
2.265517860651016235e-01
2.153167873620986938e-01
1.983080655336380005e-01
1.824060529470443726e-01
1.728221625089645386e-01
1.593468189239501953e-01
1.502933204174041748e-01
1.421577036380767822e-01
1.351143121719360352e-01
1.279987990856170654e-01
1.257121711969375610e-01
1.232943683862686157e-01
1.240683495998382568e-01
1.259880810976028442e-01
1.275637298822402954e-01
1.332234889268875122e-01
1.380665898323059082e-01
1.432926058769226074e-01
1.506659090518951416e-01
1.573933660984039307e-01
1.656283140182495117e-01
1.705698817968368530e-01
1.781506538391113281e-01
1.842847466468811035e-01
1.874132752418518066e-01
1.915220320224761963e-01
1.933896094560623169e-01
1.932091116905212402e-01
1.929961442947387695e-01
1.930154263973236084e-01
1.912472099065780640e-01
1.854570358991622925e-01
1.775914728641510010e-01
1.722288876771926880e-01
