2.859922051429748535e-01
2.130350172519683838e-01
1.809338480234146118e-01
1.750972718000411987e-01
1.741245090961456299e-01
1.712062209844589233e-01
1.585603058338165283e-01
1.566147804260253906e-01
1.605058312416076660e-01
1.624513566493988037e-01
1.517509669065475464e-01
1.575875431299209595e-01
1.527237296104431152e-01
1.517509669065475464e-01
1.536964923143386841e-01
1.575875431299209595e-01
1.605058312416076660e-01
1.575875431299209595e-01
1.624513566493988037e-01
1.605058312416076660e-01
1.595330685377120972e-01
