1.402529776096343994e-01
1.402529776096343994e-01
1.402529776096343994e-01
1.375248134136199951e-01
1.258680671453475952e-01
1.251240223646163940e-01
1.248759999871253967e-01
1.238839328289031982e-01
1.251240223646163940e-01
1.263640969991683960e-01
1.258680671453475952e-01
1.276041716337203979e-01
1.251240223646163940e-01
1.268601268529891968e-01
1.278521865606307983e-01
1.277281790971755981e-01
1.266121119260787964e-01
1.266121119260787964e-01
1.267361193895339966e-01
1.258680671453475952e-01
1.261160820722579956e-01
