1.304067522287368774e-01
1.304067522287368774e-01
1.304067522287368774e-01
1.292162686586380005e-01
1.160714328289031982e-01
1.175099238753318787e-01
1.155257970094680786e-01
1.160714328289031982e-01
1.182539686560630798e-01
1.184027791023254395e-01
1.181051582098007202e-01
1.196676567196846008e-01
1.208829358220100403e-01
1.210565492510795593e-01
1.200892850756645203e-01
1.216765865683555603e-01
1.205605193972587585e-01
1.202380955219268799e-01
1.184275820851325989e-01
1.173611134290695190e-01
1.175595223903656006e-01
