1.581101268529891968e-01
1.581101268529891968e-01
1.529017835855484009e-01
1.543898880481719971e-01
1.469494104385375977e-01
1.491815447807312012e-01
1.521577388048171997e-01
1.469494104385375977e-01
1.350446492433547974e-01
1.372767835855484009e-01
1.357886940240859985e-01
1.387648880481719971e-01
1.409970223903656006e-01
1.421131044626235962e-01
1.395089328289031982e-01
1.395089328289031982e-01
1.387648880481719971e-01
1.380208432674407959e-01
1.380208432674407959e-01
1.380208432674407959e-01
1.402529776096343994e-01
